Temperature (K)	Pressure (atm)	Density (mol/l)	Volume (l/mol)	Internal Energy (kJ/mol)	Enthalpy (kJ/mol)	Entropy (J/mol*K)	Cv (J/mol*K)	Cp (J/mol*K)	Sound Spd. (m/s)	Joule-Thomson (F/atm)	Viscosity (uPa*s)	Therm. Cond. (W/m*K)	Phase
4.0000	1.6805	33.220	0.030102	-0.0086131	-0.0034875	-1.3649	9.8582	16.206	202.36	-0.16781	3.4920	0.019115	liquid
4.5000	1.6805	30.543	0.032740	0.00052973	0.0061045	0.88661	10.307	23.401	175.92	0.010001	3.1417	0.019212	liquid
4.8314	1.6805	27.164	0.036814	0.010070	0.016338	3.0725	10.660	45.992	145.08	0.28564	2.7879	0.018963	liquid
4.8314	1.6805	7.6897	0.13004	0.055720	0.077863	15.807	12.415	69.309	101.16	1.7525	1.5588	0.011886	vapor
5.0000	1.6805	6.5683	0.15225	0.061192	0.087115	17.691	12.480	46.172	107.74	1.6011	1.5537	0.011619	vapor
5.5000	1.6805	5.0636	0.19749	0.072136	0.10576	21.256	12.469	32.224	121.42	1.3204	1.6073	0.011864	vapor
6.0000	1.6805	4.2765	0.23384	0.080907	0.12072	23.862	12.434	28.178	131.75	1.1432	1.6824	0.012380	vapor
6.5000	1.6805	3.7499	0.26667	0.088857	0.13426	26.030	12.416	26.180	140.48	1.0133	1.7625	0.012976	vapor
7.0000	1.6805	3.3607	0.29756	0.096367	0.14703	27.924	12.411	24.986	148.21	0.91160	1.8437	0.013605	vapor
7.5000	1.6805	3.0564	0.32718	0.10361	0.15932	29.619	12.415	24.195	155.25	0.82860	1.9246	0.014238	vapor
8.0000	1.6805	2.8095	0.35593	0.11066	0.17127	31.161	12.423	23.634	161.77	0.75901	2.0047	0.014858	vapor
8.5000	1.6805	2.6040	0.38403	0.11758	0.18297	32.581	12.432	23.217	167.89	0.69945	2.0837	0.015461	vapor
9.0000	1.6805	2.4294	0.41163	0.12441	0.19450	33.899	12.442	22.895	173.67	0.64766	2.1615	0.016047	vapor
9.5000	1.6805	2.2788	0.43883	0.13116	0.20588	35.130	12.451	22.640	179.19	0.60206	2.2381	0.016616	vapor
10.000	1.6805	2.1473	0.46571	0.13785	0.21715	36.285	12.459	22.433	184.47	0.56149	2.3134	0.017170	vapor
10.500	1.6805	2.0312	0.49232	0.14449	0.22832	37.376	12.466	22.262	189.54	0.52507	2.3874	0.017710	vapor
11.000	1.6805	1.9278	0.51871	0.15109	0.23941	38.408	12.473	22.119	194.44	0.49215	2.4603	0.018237	vapor
11.500	1.6805	1.8351	0.54492	0.15766	0.25044	39.388	12.478	21.996	199.18	0.46220	2.5320	0.018752	vapor
12.000	1.6805	1.7515	0.57095	0.16420	0.26141	40.322	12.483	21.891	203.78	0.43481	2.6026	0.019256	vapor
12.500	1.6805	1.6755	0.59685	0.17071	0.27234	41.214	12.487	21.800	208.25	0.40964	2.6721	0.019750	vapor
13.000	1.6805	1.6061	0.62262	0.17720	0.28322	42.067	12.491	21.720	212.60	0.38641	2.7406	0.020235	vapor
13.500	1.6805	1.5425	0.64829	0.18367	0.29406	42.886	12.494	21.650	216.85	0.36491	2.8081	0.020711	vapor
14.000	1.6805	1.4840	0.67386	0.19013	0.30487	43.672	12.496	21.588	220.99	0.34493	2.8746	0.021179	vapor
14.500	1.6805	1.4299	0.69934	0.19657	0.31565	44.428	12.498	21.532	225.05	0.32631	2.9402	0.021640	vapor
15.000	1.6805	1.3798	0.72475	0.20299	0.32640	45.158	12.500	21.482	229.02	0.30891	3.0049	0.022094	vapor
15.500	1.6805	1.3332	0.75009	0.20941	0.33713	45.861	12.501	21.437	232.91	0.29262	3.0687	0.022541	vapor
16.000	1.6805	1.2897	0.77536	0.21581	0.34784	46.541	12.502	21.396	236.73	0.27734	3.1317	0.022983	vapor
16.500	1.6805	1.2491	0.80058	0.22221	0.35852	47.199	12.503	21.359	240.48	0.26296	3.1940	0.023418	vapor
17.000	1.6805	1.2110	0.82575	0.22859	0.36920	47.836	12.503	21.325	244.16	0.24941	3.2554	0.023849	vapor
17.500	1.6805	1.1753	0.85087	0.23497	0.37985	48.454	12.504	21.294	247.78	0.23663	3.3161	0.024275	vapor
18.000	1.6805	1.1416	0.87595	0.24134	0.39049	49.053	12.504	21.266	251.34	0.22454	3.3761	0.024695	vapor
18.500	1.6805	1.1099	0.90099	0.24770	0.40112	49.636	12.504	21.240	254.85	0.21310	3.4355	0.025112	vapor
19.000	1.6805	1.0799	0.92599	0.25406	0.41173	50.202	12.505	21.215	258.30	0.20226	3.4941	0.025524	vapor
19.500	1.6805	1.0516	0.95097	0.26041	0.42233	50.752	12.505	21.193	261.71	0.19196	3.5521	0.025932	vapor
20.000	1.6805	1.0247	0.97591	0.26675	0.43292	51.289	12.505	21.173	265.06	0.18218	3.6095	0.026336	vapor
20.500	1.6805	0.99918	1.0008	0.27309	0.44350	51.811	12.504	21.154	268.37	0.17286	3.6663	0.026737	vapor
21.000	1.6805	0.97494	1.0257	0.27943	0.45408	52.321	12.504	21.136	271.64	0.16400	3.7226	0.027134	vapor
21.500	1.6805	0.95187	1.0506	0.28576	0.46464	52.818	12.504	21.119	274.86	0.15554	3.7782	0.027527	vapor
22.000	1.6805	0.92988	1.0754	0.29208	0.47520	53.303	12.504	21.104	278.04	0.14746	3.8334	0.027918	vapor
22.500	1.6805	0.90890	1.1002	0.29841	0.48574	53.777	12.504	21.089	281.19	0.13975	3.8879	0.028305	vapor
23.000	1.6805	0.88887	1.1250	0.30473	0.49629	54.241	12.503	21.076	284.29	0.13238	3.9420	0.028690	vapor
23.500	1.6805	0.86971	1.1498	0.31104	0.50682	54.694	12.503	21.063	287.36	0.12532	3.9956	0.029071	vapor
24.000	1.6805	0.85138	1.1746	0.31735	0.51735	55.137	12.503	21.051	290.40	0.11856	4.0487	0.029450	vapor
24.500	1.6805	0.83381	1.1993	0.32366	0.52787	55.571	12.502	21.040	293.40	0.11208	4.1014	0.029827	vapor
25.000	1.6805	0.81696	1.2240	0.32997	0.53839	55.996	12.502	21.030	296.37	0.10586	4.1536	0.030200	vapor
25.500	1.6805	0.80079	1.2488	0.33627	0.54890	56.412	12.501	21.020	299.31	0.099891	4.2053	0.030572	vapor
26.000	1.6805	0.78525	1.2735	0.34257	0.55941	56.821	12.501	21.010	302.22	0.094158	4.2566	0.030940	vapor
26.500	1.6805	0.77032	1.2982	0.34887	0.56991	57.221	12.501	21.002	305.10	0.088647	4.3075	0.031307	vapor
27.000	1.6805	0.75595	1.3228	0.35517	0.58041	57.613	12.500	20.993	307.95	0.083345	4.3580	0.031671	vapor
27.500	1.6805	0.74211	1.3475	0.36146	0.59091	57.998	12.500	20.985	310.77	0.078243	4.4082	0.032033	vapor
28.000	1.6805	0.72877	1.3722	0.36775	0.60140	58.376	12.499	20.978	313.57	0.073329	4.4579	0.032394	vapor
28.500	1.6805	0.71591	1.3968	0.37404	0.61188	58.748	12.499	20.971	316.34	0.068595	4.5072	0.032752	vapor
29.000	1.6805	0.70350	1.4215	0.38033	0.62237	59.112	12.499	20.964	319.09	0.064030	4.5562	0.033108	vapor
29.500	1.6805	0.69152	1.4461	0.38662	0.63285	59.471	12.498	20.958	321.81	0.059627	4.6049	0.033462	vapor
30.000	1.6805	0.67994	1.4707	0.39290	0.64333	59.823	12.498	20.952	324.51	0.055377	4.6531	0.033814	vapor
30.500	1.6805	0.66875	1.4953	0.39919	0.65380	60.169	12.498	20.946	327.18	0.051274	4.7011	0.034164	vapor
31.000	1.6805	0.65792	1.5199	0.40547	0.66427	60.510	12.497	20.940	329.84	0.047310	4.7487	0.034513	vapor
31.500	1.6805	0.64744	1.5445	0.41175	0.67474	60.845	12.497	20.935	332.47	0.043479	4.7960	0.034860	vapor
32.000	1.6805	0.63730	1.5691	0.41803	0.68521	61.174	12.496	20.930	335.08	0.039775	4.8430	0.035205	vapor
32.500	1.6805	0.62747	1.5937	0.42430	0.69567	61.499	12.496	20.925	337.66	0.036192	4.8897	0.035548	vapor
33.000	1.6805	0.61794	1.6183	0.43058	0.70613	61.818	12.496	20.921	340.23	0.032724	4.9361	0.035890	vapor
33.500	1.6805	0.60869	1.6429	0.43686	0.71659	62.133	12.495	20.916	342.78	0.029367	4.9822	0.036231	vapor
34.000	1.6805	0.59972	1.6674	0.44313	0.72705	62.443	12.495	20.912	345.31	0.026115	5.0280	0.036569	vapor
34.500	1.6805	0.59102	1.6920	0.44940	0.73750	62.748	12.495	20.908	347.82	0.022965	5.0735	0.036907	vapor
35.000	1.6805	0.58256	1.7166	0.45567	0.74796	63.049	12.494	20.904	350.31	0.019911	5.1188	0.037242	vapor
35.500	1.6805	0.57435	1.7411	0.46195	0.75841	63.345	12.494	20.901	352.78	0.016951	5.1638	0.037577	vapor
36.000	1.6805	0.56636	1.7657	0.46821	0.76886	63.637	12.494	20.897	355.24	0.014079	5.2085	0.037910	vapor
36.500	1.6805	0.55860	1.7902	0.47448	0.77930	63.926	12.493	20.894	357.68	0.011292	5.2530	0.038241	vapor
37.000	1.6805	0.55104	1.8147	0.48075	0.78975	64.210	12.493	20.891	360.10	0.0085879	5.2972	0.038571	vapor
37.500	1.6805	0.54369	1.8393	0.48702	0.80020	64.490	12.493	20.888	362.50	0.0059620	5.3412	0.038900	vapor
38.000	1.6805	0.53654	1.8638	0.49328	0.81064	64.767	12.492	20.885	364.89	0.0034117	5.3849	0.039228	vapor
38.500	1.6805	0.52957	1.8883	0.49955	0.82108	65.040	12.492	20.882	367.26	0.00093390	5.4284	0.039554	vapor
39.000	1.6805	0.52278	1.9128	0.50581	0.83152	65.309	12.492	20.879	369.62	-0.0014741	5.4717	0.039879	vapor
39.500	1.6805	0.51616	1.9374	0.51208	0.84196	65.575	12.492	20.877	371.96	-0.0038149	5.5148	0.040203	vapor
40.000	1.6805	0.50971	1.9619	0.51834	0.85240	65.838	12.491	20.874	374.29	-0.0060911	5.5576	0.040525	vapor
40.500	1.6805	0.50342	1.9864	0.52460	0.86283	66.097	12.491	20.872	376.60	-0.0083051	5.6002	0.040847	vapor
41.000	1.6805	0.49729	2.0109	0.53087	0.87327	66.353	12.491	20.869	378.90	-0.010459	5.6426	0.041167	vapor
41.500	1.6805	0.49130	2.0354	0.53713	0.88370	66.606	12.490	20.867	381.18	-0.012555	5.6848	0.041486	vapor
42.000	1.6805	0.48546	2.0599	0.54339	0.89414	66.856	12.490	20.865	383.45	-0.014596	5.7268	0.041804	vapor
42.500	1.6805	0.47975	2.0844	0.54965	0.90457	67.103	12.490	20.863	385.71	-0.016583	5.7686	0.042121	vapor
43.000	1.6805	0.47418	2.1089	0.55591	0.91500	67.347	12.490	20.861	387.95	-0.018518	5.8102	0.042436	vapor
43.500	1.6805	0.46873	2.1334	0.56217	0.92543	67.588	12.489	20.859	390.18	-0.020403	5.8516	0.042751	vapor
44.000	1.6805	0.46341	2.1579	0.56842	0.93586	67.827	12.489	20.857	392.40	-0.022240	5.8928	0.043064	vapor
44.500	1.6805	0.45821	2.1824	0.57468	0.94629	68.062	12.489	20.855	394.60	-0.024030	5.9338	0.043377	vapor
45.000	1.6805	0.45313	2.2069	0.58094	0.95671	68.295	12.489	20.853	396.79	-0.025776	5.9747	0.043688	vapor
45.500	1.6805	0.44815	2.2314	0.58720	0.96714	68.526	12.489	20.852	398.97	-0.027477	6.0153	0.043999	vapor
46.000	1.6805	0.44329	2.2559	0.59345	0.97756	68.754	12.488	20.850	401.14	-0.029137	6.0558	0.044308	vapor
46.500	1.6805	0.43853	2.2803	0.59971	0.98799	68.979	12.488	20.848	403.30	-0.030756	6.0961	0.044617	vapor
47.000	1.6805	0.43387	2.3048	0.60596	0.99841	69.202	12.488	20.847	405.44	-0.032336	6.1363	0.044924	vapor
47.500	1.6805	0.42931	2.3293	0.61222	1.0088	69.423	12.488	20.845	407.57	-0.033877	6.1762	0.045231	vapor
48.000	1.6805	0.42485	2.3538	0.61847	1.0193	69.641	12.488	20.844	409.69	-0.035382	6.2161	0.045536	vapor
48.500	1.6805	0.42048	2.3783	0.62473	1.0297	69.857	12.487	20.843	411.80	-0.036851	6.2557	0.045841	vapor
49.000	1.6805	0.41619	2.4027	0.63098	1.0401	70.071	12.487	20.841	413.90	-0.038285	6.2952	0.046145	vapor
49.500	1.6805	0.41200	2.4272	0.63723	1.0505	70.282	12.487	20.840	415.99	-0.039686	6.3345	0.046448	vapor
50.000	1.6805	0.40788	2.4517	0.64349	1.0609	70.492	12.487	20.839	418.07	-0.041054	6.3737	0.046750	vapor
50.500	1.6805	0.40385	2.4761	0.64974	1.0714	70.699	12.487	20.837	420.14	-0.042391	6.4127	0.047051	vapor
51.000	1.6805	0.39990	2.5006	0.65599	1.0818	70.904	12.486	20.836	422.20	-0.043698	6.4516	0.047351	vapor
51.500	1.6805	0.39603	2.5251	0.66224	1.0922	71.107	12.486	20.835	424.24	-0.044974	6.4904	0.047651	vapor
52.000	1.6805	0.39223	2.5495	0.66850	1.1026	71.309	12.486	20.834	426.28	-0.046222	6.5290	0.047949	vapor
52.500	1.6805	0.38850	2.5740	0.67475	1.1130	71.508	12.486	20.833	428.31	-0.047443	6.5674	0.048247	vapor
53.000	1.6805	0.38484	2.5985	0.68100	1.1234	71.706	12.486	20.832	430.33	-0.048636	6.6057	0.048544	vapor
53.500	1.6805	0.38125	2.6229	0.68725	1.1339	71.901	12.485	20.831	432.34	-0.049803	6.6439	0.048840	vapor
54.000	1.6805	0.37773	2.6474	0.69350	1.1443	72.095	12.485	20.830	434.34	-0.050944	6.6819	0.049135	vapor
54.500	1.6805	0.37427	2.6719	0.69975	1.1547	72.287	12.485	20.829	436.33	-0.052060	6.7198	0.049430	vapor
55.000	1.6805	0.37088	2.6963	0.70600	1.1651	72.477	12.485	20.828	438.31	-0.053153	6.7576	0.049723	vapor
55.500	1.6805	0.36754	2.7208	0.71225	1.1755	72.666	12.485	20.827	440.28	-0.054222	6.7953	0.050016	vapor
56.000	1.6805	0.36427	2.7452	0.71850	1.1859	72.852	12.485	20.826	442.24	-0.055268	6.8328	0.050309	vapor
56.500	1.6805	0.36105	2.7697	0.72475	1.1963	73.038	12.485	20.825	444.20	-0.056292	6.8702	0.050600	vapor
57.000	1.6805	0.35789	2.7941	0.73100	1.2068	73.221	12.484	20.824	446.14	-0.057295	6.9074	0.050891	vapor
57.500	1.6805	0.35479	2.8186	0.73724	1.2172	73.403	12.484	20.824	448.08	-0.058277	6.9446	0.051181	vapor
58.000	1.6805	0.35174	2.8430	0.74349	1.2276	73.583	12.484	20.823	450.01	-0.059238	6.9816	0.051470	vapor
58.500	1.6805	0.34874	2.8675	0.74974	1.2380	73.762	12.484	20.822	451.93	-0.060180	7.0185	0.051759	vapor
59.000	1.6805	0.34579	2.8919	0.75599	1.2484	73.939	12.484	20.821	453.84	-0.061102	7.0553	0.052046	vapor
59.500	1.6805	0.34289	2.9164	0.76224	1.2588	74.115	12.484	20.821	455.74	-0.062006	7.0920	0.052333	vapor
60.000	1.6805	0.34004	2.9408	0.76848	1.2692	74.289	12.484	20.820	457.64	-0.062891	7.1286	0.052620	vapor
60.500	1.6805	0.33724	2.9653	0.77473	1.2796	74.462	12.483	20.819	459.53	-0.063758	7.1650	0.052906	vapor
61.000	1.6805	0.33448	2.9897	0.78098	1.2900	74.633	12.483	20.819	461.41	-0.064608	7.2014	0.053191	vapor
61.500	1.6805	0.33177	3.0142	0.78722	1.3005	74.803	12.483	20.818	463.28	-0.065442	7.2376	0.053475	vapor
62.000	1.6805	0.32910	3.0386	0.79347	1.3109	74.972	12.483	20.817	465.15	-0.066258	7.2737	0.053759	vapor
62.500	1.6805	0.32647	3.0631	0.79972	1.3213	75.139	12.483	20.817	467.00	-0.067059	7.3097	0.054042	vapor
63.000	1.6805	0.32389	3.0875	0.80596	1.3317	75.305	12.483	20.816	468.86	-0.067844	7.3457	0.054324	vapor
63.500	1.6805	0.32134	3.1119	0.81221	1.3421	75.469	12.483	20.815	470.70	-0.068614	7.3815	0.054606	vapor
64.000	1.6805	0.31884	3.1364	0.81846	1.3525	75.633	12.483	20.815	472.53	-0.069369	7.4172	0.054887	vapor
64.500	1.6805	0.31637	3.1608	0.82470	1.3629	75.795	12.482	20.814	474.36	-0.070109	7.4528	0.055168	vapor
65.000	1.6805	0.31395	3.1853	0.83095	1.3733	75.955	12.482	20.814	476.18	-0.070836	7.4883	0.055448	vapor
65.500	1.6805	0.31156	3.2097	0.83719	1.3837	76.115	12.482	20.813	478.00	-0.071548	7.5237	0.055727	vapor
66.000	1.6805	0.30920	3.2341	0.84344	1.3941	76.273	12.482	20.813	479.81	-0.072247	7.5591	0.056005	vapor
66.500	1.6805	0.30688	3.2586	0.84968	1.4045	76.430	12.482	20.812	481.61	-0.072933	7.5943	0.056283	vapor
67.000	1.6805	0.30460	3.2830	0.85593	1.4149	76.586	12.482	20.812	483.40	-0.073606	7.6294	0.056561	vapor
67.500	1.6805	0.30235	3.3074	0.86217	1.4253	76.741	12.482	20.811	485.19	-0.074267	7.6645	0.056838	vapor
68.000	1.6805	0.30013	3.3319	0.86842	1.4357	76.894	12.482	20.811	486.97	-0.074915	7.6994	0.057114	vapor
68.500	1.6805	0.29795	3.3563	0.87466	1.4462	77.047	12.482	20.810	488.74	-0.075552	7.7343	0.057390	vapor
69.000	1.6805	0.29579	3.3808	0.88091	1.4566	77.198	12.482	20.810	490.51	-0.076176	7.7690	0.057665	vapor
69.500	1.6805	0.29367	3.4052	0.88715	1.4670	77.348	12.481	20.809	492.27	-0.076790	7.8037	0.057939	vapor
70.000	1.6805	0.29158	3.4296	0.89339	1.4774	77.498	12.481	20.809	494.03	-0.077392	7.8383	0.058213	vapor
70.500	1.6805	0.28951	3.4541	0.89964	1.4878	77.646	12.481	20.809	495.78	-0.077983	7.8728	0.058487	vapor
71.000	1.6805	0.28748	3.4785	0.90588	1.4982	77.793	12.481	20.808	497.52	-0.078564	7.9072	0.058759	vapor
71.500	1.6805	0.28548	3.5029	0.91212	1.5086	77.939	12.481	20.808	499.26	-0.079134	7.9416	0.059032	vapor
72.000	1.6805	0.28350	3.5274	0.91837	1.5190	78.084	12.481	20.807	500.99	-0.079694	7.9758	0.059303	vapor
72.500	1.6805	0.28155	3.5518	0.92461	1.5294	78.228	12.481	20.807	502.71	-0.080244	8.0100	0.059575	vapor
73.000	1.6805	0.27962	3.5762	0.93086	1.5398	78.371	12.481	20.807	504.43	-0.080785	8.0441	0.059845	vapor
73.500	1.6805	0.27773	3.6007	0.93710	1.5502	78.513	12.481	20.806	506.15	-0.081316	8.0781	0.060115	vapor
74.000	1.6805	0.27586	3.6251	0.94334	1.5606	78.654	12.481	20.806	507.85	-0.081838	8.1121	0.060385	vapor
74.500	1.6805	0.27401	3.6495	0.94958	1.5710	78.794	12.481	20.806	509.55	-0.082350	8.1459	0.060654	vapor
75.000	1.6805	0.27219	3.6739	0.95583	1.5814	78.933	12.480	20.805	511.25	-0.082854	8.1797	0.060923	vapor
75.500	1.6805	0.27039	3.6984	0.96207	1.5918	79.071	12.480	20.805	512.94	-0.083349	8.2134	0.061191	vapor
76.000	1.6805	0.26861	3.7228	0.96831	1.6022	79.209	12.480	20.805	514.62	-0.083836	8.2470	0.061458	vapor
76.500	1.6805	0.26686	3.7472	0.97456	1.6126	79.345	12.480	20.804	516.30	-0.084314	8.2806	0.061725	vapor
77.000	1.6805	0.26513	3.7717	0.98080	1.6230	79.481	12.480	20.804	517.98	-0.084784	8.3141	0.061992	vapor
77.500	1.6805	0.26343	3.7961	0.98704	1.6334	79.615	12.480	20.804	519.64	-0.085246	8.3475	0.062258	vapor
78.000	1.6805	0.26174	3.8205	0.99328	1.6438	79.749	12.480	20.803	521.31	-0.085700	8.3808	0.062523	vapor
78.500	1.6805	0.26008	3.8449	0.99952	1.6542	79.882	12.480	20.803	522.96	-0.086147	8.4141	0.062788	vapor
79.000	1.6805	0.25844	3.8694	1.0058	1.6646	80.014	12.480	20.803	524.62	-0.086586	8.4473	0.063053	vapor
79.500	1.6805	0.25682	3.8938	1.0120	1.6750	80.145	12.480	20.802	526.26	-0.087018	8.4804	0.063317	vapor
80.000	1.6805	0.25522	3.9182	1.0183	1.6854	80.276	12.480	20.802	527.91	-0.087443	8.5135	0.063581	vapor
80.500	1.6805	0.25364	3.9427	1.0245	1.6958	80.405	12.480	20.802	529.54	-0.087860	8.5465	0.063844	vapor
81.000	1.6805	0.25207	3.9671	1.0307	1.7062	80.534	12.480	20.802	531.17	-0.088271	8.5794	0.064106	vapor
81.500	1.6805	0.25053	3.9915	1.0370	1.7166	80.662	12.480	20.801	532.80	-0.088675	8.6122	0.064369	vapor
82.000	1.6805	0.24901	4.0159	1.0432	1.7270	80.789	12.479	20.801	534.42	-0.089072	8.6450	0.064630	vapor
82.500	1.6805	0.24750	4.0404	1.0495	1.7374	80.916	12.479	20.801	536.04	-0.089463	8.6777	0.064892	vapor
83.000	1.6805	0.24602	4.0648	1.0557	1.7478	81.042	12.479	20.801	537.65	-0.089847	8.7104	0.065152	vapor
83.500	1.6805	0.24455	4.0892	1.0619	1.7582	81.166	12.479	20.800	539.26	-0.090225	8.7430	0.065413	vapor
84.000	1.6805	0.24309	4.1136	1.0682	1.7686	81.291	12.479	20.800	540.86	-0.090598	8.7755	0.065673	vapor
84.500	1.6805	0.24166	4.1381	1.0744	1.7790	81.414	12.479	20.800	542.46	-0.090964	8.8080	0.065932	vapor
85.000	1.6805	0.24024	4.1625	1.0807	1.7894	81.537	12.479	20.800	544.05	-0.091324	8.8404	0.066191	vapor
85.500	1.6805	0.23884	4.1869	1.0869	1.7998	81.659	12.479	20.799	545.64	-0.091678	8.8728	0.066450	vapor
86.000	1.6805	0.23745	4.2113	1.0931	1.8102	81.780	12.479	20.799	547.22	-0.092027	8.9051	0.066708	vapor
86.500	1.6805	0.23609	4.2358	1.0994	1.8206	81.901	12.479	20.799	548.80	-0.092370	8.9373	0.066966	vapor
87.000	1.6805	0.23473	4.2602	1.1056	1.8310	82.021	12.479	20.799	550.38	-0.092708	8.9694	0.067223	vapor
87.500	1.6805	0.23339	4.2846	1.1119	1.8414	82.140	12.479	20.799	551.95	-0.093041	9.0016	0.067480	vapor
88.000	1.6805	0.23207	4.3090	1.1181	1.8518	82.258	12.479	20.798	553.51	-0.093368	9.0336	0.067737	vapor
88.500	1.6805	0.23076	4.3334	1.1244	1.8622	82.376	12.479	20.798	555.07	-0.093690	9.0656	0.067993	vapor
89.000	1.6805	0.22947	4.3579	1.1306	1.8726	82.493	12.479	20.798	556.63	-0.094007	9.0975	0.068248	vapor
89.500	1.6805	0.22819	4.3823	1.1368	1.8830	82.610	12.479	20.798	558.18	-0.094319	9.1294	0.068503	vapor
90.000	1.6805	0.22693	4.4067	1.1431	1.8934	82.726	12.478	20.798	559.73	-0.094627	9.1612	0.068758	vapor
90.500	1.6805	0.22568	4.4311	1.1493	1.9038	82.841	12.478	20.797	561.27	-0.094929	9.1930	0.069013	vapor
91.000	1.6805	0.22444	4.4556	1.1556	1.9142	82.955	12.478	20.797	562.81	-0.095227	9.2247	0.069267	vapor
91.500	1.6805	0.22322	4.4800	1.1618	1.9246	83.069	12.478	20.797	564.35	-0.095520	9.2564	0.069520	vapor
92.000	1.6805	0.22201	4.5044	1.1680	1.9350	83.183	12.478	20.797	565.88	-0.095809	9.2880	0.069773	vapor
92.500	1.6805	0.22081	4.5288	1.1743	1.9454	83.295	12.478	20.797	567.41	-0.096094	9.3196	0.070026	vapor
93.000	1.6805	0.21962	4.5532	1.1805	1.9558	83.408	12.478	20.797	568.93	-0.096374	9.3511	0.070279	vapor
93.500	1.6805	0.21845	4.5777	1.1868	1.9662	83.519	12.478	20.796	570.45	-0.096649	9.3825	0.070531	vapor
94.000	1.6805	0.21729	4.6021	1.1930	1.9766	83.630	12.478	20.796	571.96	-0.096921	9.4139	0.070782	vapor
94.500	1.6805	0.21615	4.6265	1.1992	1.9870	83.740	12.478	20.796	573.48	-0.097188	9.4453	0.071034	vapor
95.000	1.6805	0.21501	4.6509	1.2055	1.9974	83.850	12.478	20.796	574.98	-0.097452	9.4765	0.071285	vapor
95.500	1.6805	0.21389	4.6753	1.2117	2.0078	83.959	12.478	20.796	576.48	-0.097711	9.5078	0.071535	vapor
96.000	1.6805	0.21278	4.6998	1.2180	2.0182	84.068	12.478	20.796	577.98	-0.097967	9.5390	0.071785	vapor
96.500	1.6805	0.21168	4.7242	1.2242	2.0286	84.176	12.478	20.795	579.48	-0.098218	9.5701	0.072035	vapor
97.000	1.6805	0.21059	4.7486	1.2304	2.0390	84.283	12.478	20.795	580.97	-0.098466	9.6012	0.072284	vapor
97.500	1.6805	0.20951	4.7730	1.2367	2.0494	84.390	12.478	20.795	582.46	-0.098711	9.6323	0.072533	vapor
98.000	1.6805	0.20844	4.7974	1.2429	2.0598	84.497	12.478	20.795	583.94	-0.098951	9.6633	0.072782	vapor
98.500	1.6805	0.20739	4.8219	1.2492	2.0702	84.602	12.478	20.795	585.42	-0.099188	9.6942	0.073030	vapor
99.000	1.6805	0.20634	4.8463	1.2554	2.0806	84.708	12.478	20.795	586.90	-0.099422	9.7252	0.073278	vapor
99.500	1.6805	0.20531	4.8707	1.2616	2.0910	84.812	12.478	20.795	588.37	-0.099652	9.7560	0.073526	vapor
100.00	1.6805	0.20429	4.8951	1.2679	2.1014	84.917	12.478	20.794	589.84	-0.099878	9.7868	0.073773	vapor
100.50	1.6805	0.20327	4.9195	1.2741	2.1118	85.020	12.477	20.794	591.30	-0.10010	9.8078	0.074020	vapor
101.00	1.6805	0.20227	4.9439	1.2804	2.1222	85.124	12.477	20.794	592.76	-0.10032	9.8287	0.074266	vapor
101.50	1.6805	0.20127	4.9684	1.2866	2.1326	85.226	12.477	20.794	594.22	-0.10054	9.8497	0.074512	vapor
102.00	1.6805	0.20029	4.9928	1.2928	2.1430	85.329	12.477	20.794	595.68	-0.10075	9.8706	0.074758	vapor
102.50	1.6805	0.19931	5.0172	1.2991	2.1534	85.430	12.477	20.794	597.13	-0.10096	9.8916	0.075004	vapor
103.00	1.6805	0.19835	5.0416	1.3053	2.1638	85.531	12.477	20.794	598.58	-0.10117	9.9125	0.075249	vapor
103.50	1.6805	0.19739	5.0660	1.3115	2.1742	85.632	12.477	20.794	600.02	-0.10137	9.9334	0.075493	vapor
104.00	1.6805	0.19645	5.0905	1.3178	2.1846	85.732	12.477	20.794	601.46	-0.10158	9.9543	0.075738	vapor
104.50	1.6805	0.19551	5.1149	1.3240	2.1949	85.832	12.477	20.793	602.90	-0.10178	9.9752	0.075982	vapor
105.00	1.6805	0.19458	5.1393	1.3303	2.2053	85.931	12.477	20.793	604.33	-0.10197	9.9961	0.076226	vapor
105.50	1.6805	0.19366	5.1637	1.3365	2.2157	86.030	12.477	20.793	605.76	-0.10216	10.017	0.076469	vapor
106.00	1.6805	0.19275	5.1881	1.3427	2.2261	86.128	12.477	20.793	607.19	-0.10235	10.038	0.076712	vapor
106.50	1.6805	0.19184	5.2125	1.3490	2.2365	86.226	12.477	20.793	608.61	-0.10254	10.059	0.076955	vapor
107.00	1.6805	0.19095	5.2370	1.3552	2.2469	86.324	12.477	20.793	610.03	-0.10273	10.080	0.077197	vapor
107.50	1.6805	0.19006	5.2614	1.3615	2.2573	86.421	12.477	20.793	611.45	-0.10291	10.101	0.077439	vapor
108.00	1.6805	0.18919	5.2858	1.3677	2.2677	86.517	12.477	20.793	612.86	-0.10309	10.121	0.077681	vapor
108.50	1.6805	0.18832	5.3102	1.3739	2.2781	86.613	12.477	20.793	614.27	-0.10326	10.142	0.077923	vapor
109.00	1.6805	0.18745	5.3346	1.3802	2.2885	86.709	12.477	20.792	615.68	-0.10344	10.163	0.078164	vapor
109.50	1.6805	0.18660	5.3590	1.3864	2.2989	86.804	12.477	20.792	617.08	-0.10361	10.184	0.078405	vapor
110.00	1.6805	0.18575	5.3835	1.3927	2.3093	86.899	12.477	20.792	618.48	-0.10378	10.205	0.078645	vapor
110.50	1.6805	0.18492	5.4079	1.3989	2.3197	86.993	12.477	20.792	619.88	-0.10395	10.235	0.078885	vapor
111.00	1.6805	0.18408	5.4323	1.4051	2.3301	87.087	12.477	20.792	621.27	-0.10411	10.265	0.079125	vapor
111.50	1.6805	0.18326	5.4567	1.4114	2.3405	87.180	12.477	20.792	622.66	-0.10427	10.295	0.079365	vapor
112.00	1.6805	0.18244	5.4811	1.4176	2.3509	87.273	12.477	20.792	624.05	-0.10443	10.325	0.079604	vapor
112.50	1.6805	0.18164	5.5055	1.4238	2.3613	87.366	12.477	20.792	625.44	-0.10459	10.355	0.079843	vapor
113.00	1.6805	0.18083	5.5300	1.4301	2.3717	87.458	12.477	20.792	626.82	-0.10475	10.385	0.080081	vapor
113.50	1.6805	0.18004	5.5544	1.4363	2.3821	87.550	12.477	20.792	628.20	-0.10490	10.415	0.080320	vapor
114.00	1.6805	0.17925	5.5788	1.4426	2.3925	87.641	12.476	20.792	629.57	-0.10505	10.445	0.080558	vapor
114.50	1.6805	0.17847	5.6032	1.4488	2.4029	87.732	12.476	20.792	630.95	-0.10520	10.475	0.080796	vapor
115.00	1.6805	0.17769	5.6276	1.4550	2.4133	87.823	12.476	20.791	632.31	-0.10535	10.505	0.081033	vapor
115.50	1.6805	0.17693	5.6520	1.4613	2.4237	87.913	12.476	20.791	633.68	-0.10549	10.535	0.081270	vapor
116.00	1.6805	0.17617	5.6765	1.4675	2.4341	88.003	12.476	20.791	635.05	-0.10564	10.565	0.081507	vapor
116.50	1.6805	0.17541	5.7009	1.4738	2.4445	88.092	12.476	20.791	636.41	-0.10578	10.595	0.081743	vapor
117.00	1.6805	0.17466	5.7253	1.4800	2.4548	88.181	12.476	20.791	637.76	-0.10592	10.624	0.081980	vapor
117.50	1.6805	0.17392	5.7497	1.4862	2.4652	88.270	12.476	20.791	639.12	-0.10605	10.654	0.082216	vapor
118.00	1.6805	0.17319	5.7741	1.4925	2.4756	88.358	12.476	20.791	640.47	-0.10619	10.683	0.082451	vapor
118.50	1.6805	0.17246	5.7985	1.4987	2.4860	88.446	12.476	20.791	641.82	-0.10632	10.713	0.082687	vapor
119.00	1.6805	0.17173	5.8229	1.5049	2.4964	88.534	12.476	20.791	643.17	-0.10645	10.743	0.082922	vapor
119.50	1.6805	0.17102	5.8474	1.5112	2.5068	88.621	12.476	20.791	644.51	-0.10658	10.772	0.083157	vapor
120.00	1.6805	0.17031	5.8718	1.5174	2.5172	88.708	12.476	20.791	645.85	-0.10671	10.802	0.083391	vapor
120.50	1.6805	0.16960	5.8962	1.5237	2.5276	88.794	12.476	20.791	647.19	-0.10684	10.831	0.083625	vapor
121.00	1.6805	0.16890	5.9206	1.5299	2.5380	88.880	12.476	20.791	648.53	-0.10696	10.860	0.083859	vapor
121.50	1.6805	0.16821	5.9450	1.5361	2.5484	88.966	12.476	20.790	649.86	-0.10708	10.890	0.084093	vapor
122.00	1.6805	0.16752	5.9694	1.5424	2.5588	89.051	12.476	20.790	651.19	-0.10720	10.919	0.084326	vapor
122.50	1.6805	0.16684	5.9938	1.5486	2.5692	89.136	12.476	20.790	652.52	-0.10732	10.948	0.084560	vapor
123.00	1.6805	0.16616	6.0183	1.5548	2.5796	89.221	12.476	20.790	653.84	-0.10744	10.978	0.084792	vapor
123.50	1.6805	0.16549	6.0427	1.5611	2.5900	89.305	12.476	20.790	655.16	-0.10756	11.007	0.085025	vapor
124.00	1.6805	0.16482	6.0671	1.5673	2.6004	89.389	12.476	20.790	656.48	-0.10767	11.036	0.085257	vapor
124.50	1.6805	0.16416	6.0915	1.5736	2.6108	89.473	12.476	20.790	657.80	-0.10778	11.065	0.085489	vapor
125.00	1.6805	0.16351	6.1159	1.5798	2.6212	89.556	12.476	20.790	659.11	-0.10790	11.094	0.085721	vapor
125.50	1.6805	0.16286	6.1403	1.5860	2.6316	89.639	12.476	20.790	660.42	-0.10800	11.123	0.085953	vapor
126.00	1.6805	0.16221	6.1648	1.5923	2.6420	89.722	12.476	20.790	661.73	-0.10811	11.152	0.086184	vapor
126.50	1.6805	0.16157	6.1892	1.5985	2.6524	89.804	12.476	20.790	663.04	-0.10822	11.181	0.086415	vapor
127.00	1.6805	0.16094	6.2136	1.6048	2.6628	89.886	12.476	20.790	664.34	-0.10832	11.210	0.086646	vapor
127.50	1.6805	0.16031	6.2380	1.6110	2.6731	89.968	12.476	20.790	665.64	-0.10843	11.239	0.086876	vapor
128.00	1.6805	0.15968	6.2624	1.6172	2.6835	90.049	12.476	20.790	666.94	-0.10853	11.268	0.087106	vapor
128.50	1.6805	0.15906	6.2868	1.6235	2.6939	90.130	12.476	20.790	668.24	-0.10863	11.297	0.087336	vapor
129.00	1.6805	0.15845	6.3112	1.6297	2.7043	90.211	12.476	20.790	669.53	-0.10873	11.326	0.087566	vapor
129.50	1.6805	0.15784	6.3357	1.6359	2.7147	90.292	12.476	20.790	670.82	-0.10883	11.355	0.087795	vapor
130.00	1.6805	0.15723	6.3601	1.6422	2.7251	90.372	12.476	20.789	672.11	-0.10893	11.383	0.088024	vapor
130.50	1.6805	0.15663	6.3845	1.6484	2.7355	90.452	12.476	20.789	673.40	-0.10902	11.412	0.088253	vapor
131.00	1.6805	0.15603	6.4089	1.6547	2.7459	90.531	12.476	20.789	674.68	-0.10912	11.441	0.088482	vapor
131.50	1.6805	0.15544	6.4333	1.6609	2.7563	90.610	12.476	20.789	675.96	-0.10921	11.469	0.088710	vapor
132.00	1.6805	0.15485	6.4577	1.6671	2.7667	90.689	12.476	20.789	677.24	-0.10930	11.498	0.088939	vapor
132.50	1.6805	0.15427	6.4821	1.6734	2.7771	90.768	12.476	20.789	678.52	-0.10939	11.527	0.089167	vapor
133.00	1.6805	0.15369	6.5065	1.6796	2.7875	90.846	12.476	20.789	679.79	-0.10948	11.555	0.089394	vapor
133.50	1.6805	0.15312	6.5310	1.6858	2.7979	90.924	12.475	20.789	681.06	-0.10957	11.584	0.089622	vapor
134.00	1.6805	0.15255	6.5554	1.6921	2.8083	91.002	12.475	20.789	682.33	-0.10965	11.612	0.089849	vapor
134.50	1.6805	0.15198	6.5798	1.6983	2.8187	91.079	12.475	20.789	683.60	-0.10974	11.641	0.090076	vapor
135.00	1.6805	0.15142	6.6042	1.7046	2.8291	91.156	12.475	20.789	684.86	-0.10982	11.669	0.090302	vapor
135.50	1.6805	0.15086	6.6286	1.7108	2.8395	91.233	12.475	20.789	686.12	-0.10991	11.697	0.090529	vapor
136.00	1.6805	0.15031	6.6530	1.7170	2.8499	91.310	12.475	20.789	687.38	-0.10999	11.726	0.090755	vapor
136.50	1.6805	0.14976	6.6774	1.7233	2.8603	91.386	12.475	20.789	688.64	-0.11007	11.754	0.090981	vapor
137.00	1.6805	0.14921	6.7019	1.7295	2.8706	91.462	12.475	20.789	689.90	-0.11015	11.782	0.091207	vapor
137.50	1.6805	0.14867	6.7263	1.7357	2.8810	91.538	12.475	20.789	691.15	-0.11023	11.811	0.091432	vapor
138.00	1.6805	0.14813	6.7507	1.7420	2.8914	91.613	12.475	20.789	692.40	-0.11031	11.839	0.091657	vapor
138.50	1.6805	0.14760	6.7751	1.7482	2.9018	91.688	12.475	20.789	693.65	-0.11038	11.867	0.091882	vapor
139.00	1.6805	0.14707	6.7995	1.7545	2.9122	91.763	12.475	20.789	694.90	-0.11046	11.895	0.092107	vapor
139.50	1.6805	0.14654	6.8239	1.7607	2.9226	91.838	12.475	20.789	696.14	-0.11053	11.924	0.092332	vapor
140.00	1.6805	0.14602	6.8483	1.7669	2.9330	91.912	12.475	20.789	697.38	-0.11061	11.952	0.092556	vapor
140.50	1.6805	0.14550	6.8728	1.7732	2.9434	91.986	12.475	20.789	698.62	-0.11068	11.980	0.092780	vapor
141.00	1.6805	0.14499	6.8972	1.7794	2.9538	92.060	12.475	20.789	699.86	-0.11075	12.008	0.093004	vapor
141.50	1.6805	0.14448	6.9216	1.7856	2.9642	92.134	12.475	20.788	701.09	-0.11082	12.036	0.093228	vapor
142.00	1.6805	0.14397	6.9460	1.7919	2.9746	92.207	12.475	20.788	702.33	-0.11089	12.064	0.093451	vapor
142.50	1.6805	0.14346	6.9704	1.7981	2.9850	92.280	12.475	20.788	703.56	-0.11096	12.092	0.093674	vapor
143.00	1.6805	0.14296	6.9948	1.8044	2.9954	92.353	12.475	20.788	704.79	-0.11102	12.120	0.093897	vapor
143.50	1.6805	0.14247	7.0192	1.8106	3.0058	92.426	12.475	20.788	706.01	-0.11109	12.148	0.094120	vapor
144.00	1.6805	0.14197	7.0436	1.8168	3.0162	92.498	12.475	20.788	707.24	-0.11116	12.176	0.094342	vapor
144.50	1.6805	0.14148	7.0681	1.8231	3.0266	92.570	12.475	20.788	708.46	-0.11122	12.204	0.094564	vapor
145.00	1.6805	0.14099	7.0925	1.8293	3.0370	92.642	12.475	20.788	709.68	-0.11128	12.231	0.094786	vapor
145.50	1.6805	0.14051	7.1169	1.8355	3.0473	92.713	12.475	20.788	710.90	-0.11135	12.259	0.095008	vapor
146.00	1.6805	0.14003	7.1413	1.8418	3.0577	92.785	12.475	20.788	712.11	-0.11141	12.287	0.095230	vapor
146.50	1.6805	0.13955	7.1657	1.8480	3.0681	92.856	12.475	20.788	713.33	-0.11147	12.315	0.095451	vapor
147.00	1.6805	0.13908	7.1901	1.8543	3.0785	92.927	12.475	20.788	714.54	-0.11153	12.342	0.095672	vapor
147.50	1.6805	0.13861	7.2145	1.8605	3.0889	92.997	12.475	20.788	715.75	-0.11159	12.370	0.095893	vapor
148.00	1.6805	0.13814	7.2389	1.8667	3.0993	93.068	12.475	20.788	716.96	-0.11165	12.398	0.096114	vapor
148.50	1.6805	0.13768	7.2634	1.8730	3.1097	93.138	12.475	20.788	718.16	-0.11171	12.425	0.096335	vapor
149.00	1.6805	0.13722	7.2878	1.8792	3.1201	93.208	12.475	20.788	719.37	-0.11176	12.453	0.096555	vapor
149.50	1.6805	0.13676	7.3122	1.8854	3.1305	93.277	12.475	20.788	720.57	-0.11182	12.481	0.096775	vapor
150.00	1.6805	0.13630	7.3366	1.8917	3.1409	93.347	12.475	20.788	721.77	-0.11187	12.508	0.096995	vapor
150.50	1.6805	0.13585	7.3610	1.8979	3.1513	93.416	12.475	20.788	722.97	-0.11193	12.536	0.097214	vapor
151.00	1.6805	0.13540	7.3854	1.9041	3.1617	93.485	12.475	20.788	724.16	-0.11198	12.563	0.097434	vapor
151.50	1.6805	0.13496	7.4098	1.9104	3.1721	93.553	12.475	20.788	725.35	-0.11204	12.591	0.097653	vapor
152.00	1.6805	0.13451	7.4343	1.9166	3.1825	93.622	12.475	20.788	726.55	-0.11209	12.618	0.097872	vapor
152.50	1.6805	0.13407	7.4587	1.9229	3.1929	93.690	12.475	20.788	727.74	-0.11214	12.646	0.098091	vapor
153.00	1.6805	0.13363	7.4831	1.9291	3.2033	93.758	12.475	20.788	728.92	-0.11219	12.673	0.098310	vapor
153.50	1.6805	0.13320	7.5075	1.9353	3.2137	93.826	12.475	20.788	730.11	-0.11224	12.700	0.098528	vapor
154.00	1.6805	0.13277	7.5319	1.9416	3.2240	93.894	12.475	20.788	731.29	-0.11229	12.728	0.098746	vapor
154.50	1.6805	0.13234	7.5563	1.9478	3.2344	93.961	12.475	20.788	732.48	-0.11234	12.755	0.098964	vapor
155.00	1.6805	0.13191	7.5807	1.9540	3.2448	94.028	12.475	20.788	733.66	-0.11239	12.782	0.099182	vapor
155.50	1.6805	0.13149	7.6051	1.9603	3.2552	94.095	12.475	20.788	734.83	-0.11243	12.810	0.099400	vapor
156.00	1.6805	0.13107	7.6296	1.9665	3.2656	94.162	12.475	20.788	736.01	-0.11248	12.837	0.099617	vapor
156.50	1.6805	0.13065	7.6540	1.9728	3.2760	94.228	12.475	20.788	737.19	-0.11252	12.864	0.099834	vapor
157.00	1.6805	0.13024	7.6784	1.9790	3.2864	94.295	12.475	20.787	738.36	-0.11257	12.891	0.10005	vapor
157.50	1.6805	0.12982	7.7028	1.9852	3.2968	94.361	12.475	20.787	739.53	-0.11261	12.918	0.10027	vapor
158.00	1.6805	0.12941	7.7272	1.9915	3.3072	94.427	12.475	20.787	740.70	-0.11266	12.946	0.10048	vapor
158.50	1.6805	0.12901	7.7516	1.9977	3.3176	94.492	12.475	20.787	741.87	-0.11270	12.973	0.10070	vapor
159.00	1.6805	0.12860	7.7760	2.0039	3.3280	94.558	12.475	20.787	743.03	-0.11274	13.000	0.10092	vapor
159.50	1.6805	0.12820	7.8004	2.0102	3.3384	94.623	12.475	20.787	744.19	-0.11279	13.027	0.10113	vapor
160.00	1.6805	0.12780	7.8249	2.0164	3.3488	94.688	12.475	20.787	745.36	-0.11283	13.054	0.10135	vapor
160.50	1.6805	0.12740	7.8493	2.0227	3.3592	94.753	12.475	20.787	746.52	-0.11287	13.081	0.10156	vapor
161.00	1.6805	0.12701	7.8737	2.0289	3.3696	94.818	12.475	20.787	747.67	-0.11291	13.108	0.10178	vapor
161.50	1.6805	0.12661	7.8981	2.0351	3.3800	94.882	12.475	20.787	748.83	-0.11295	13.135	0.10200	vapor
162.00	1.6805	0.12622	7.9225	2.0414	3.3903	94.946	12.474	20.787	749.98	-0.11299	13.162	0.10221	vapor
162.50	1.6805	0.12583	7.9469	2.0476	3.4007	95.010	12.474	20.787	751.14	-0.11302	13.189	0.10242	vapor
163.00	1.6805	0.12545	7.9713	2.0538	3.4111	95.074	12.474	20.787	752.29	-0.11306	13.216	0.10264	vapor
163.50	1.6805	0.12507	7.9957	2.0601	3.4215	95.138	12.474	20.787	753.44	-0.11310	13.243	0.10285	vapor
164.00	1.6805	0.12469	8.0202	2.0663	3.4319	95.201	12.474	20.787	754.59	-0.11313	13.270	0.10307	vapor
164.50	1.6805	0.12431	8.0446	2.0725	3.4423	95.265	12.474	20.787	755.73	-0.11317	13.296	0.10328	vapor
165.00	1.6805	0.12393	8.0690	2.0788	3.4527	95.328	12.474	20.787	756.87	-0.11321	13.323	0.10350	vapor
165.50	1.6805	0.12356	8.0934	2.0850	3.4631	95.391	12.474	20.787	758.02	-0.11324	13.350	0.10371	vapor
166.00	1.6805	0.12319	8.1178	2.0913	3.4735	95.453	12.474	20.787	759.16	-0.11327	13.377	0.10392	vapor
166.50	1.6805	0.12282	8.1422	2.0975	3.4839	95.516	12.474	20.787	760.30	-0.11331	13.403	0.10414	vapor
167.00	1.6805	0.12245	8.1666	2.1037	3.4943	95.578	12.474	20.787	761.43	-0.11334	13.430	0.10435	vapor
167.50	1.6805	0.12208	8.1910	2.1100	3.5047	95.640	12.474	20.787	762.57	-0.11337	13.457	0.10456	vapor
168.00	1.6805	0.12172	8.2155	2.1162	3.5151	95.702	12.474	20.787	763.70	-0.11341	13.484	0.10478	vapor
168.50	1.6805	0.12136	8.2399	2.1224	3.5255	95.764	12.474	20.787	764.84	-0.11344	13.510	0.10499	vapor
169.00	1.6805	0.12100	8.2643	2.1287	3.5359	95.826	12.474	20.787	765.97	-0.11347	13.537	0.10520	vapor
169.50	1.6805	0.12065	8.2887	2.1349	3.5462	95.887	12.474	20.787	767.09	-0.11350	13.563	0.10541	vapor
170.00	1.6805	0.12029	8.3131	2.1411	3.5566	95.948	12.474	20.787	768.22	-0.11353	13.590	0.10562	vapor
170.50	1.6805	0.11994	8.3375	2.1474	3.5670	96.009	12.474	20.787	769.35	-0.11356	13.617	0.10584	vapor
171.00	1.6805	0.11959	8.3619	2.1536	3.5774	96.070	12.474	20.787	770.47	-0.11359	13.643	0.10605	vapor
171.50	1.6805	0.11924	8.3863	2.1599	3.5878	96.131	12.474	20.787	771.59	-0.11362	13.670	0.10626	vapor
172.00	1.6805	0.11890	8.4107	2.1661	3.5982	96.192	12.474	20.787	772.71	-0.11365	13.696	0.10647	vapor
172.50	1.6805	0.11855	8.4352	2.1723	3.6086	96.252	12.474	20.787	773.83	-0.11367	13.723	0.10668	vapor
173.00	1.6805	0.11821	8.4596	2.1786	3.6190	96.312	12.474	20.787	774.95	-0.11370	13.749	0.10689	vapor
173.50	1.6805	0.11787	8.4840	2.1848	3.6294	96.372	12.474	20.787	776.06	-0.11373	13.776	0.10710	vapor
174.00	1.6805	0.11753	8.5084	2.1910	3.6398	96.432	12.474	20.787	777.18	-0.11375	13.802	0.10731	vapor
174.50	1.6805	0.11719	8.5328	2.1973	3.6502	96.491	12.474	20.787	778.29	-0.11378	13.828	0.10753	vapor
175.00	1.6805	0.11686	8.5572	2.2035	3.6606	96.551	12.474	20.787	779.40	-0.11381	13.855	0.10774	vapor
175.50	1.6805	0.11653	8.5816	2.2098	3.6710	96.610	12.474	20.787	780.51	-0.11383	13.881	0.10795	vapor
176.00	1.6805	0.11620	8.6060	2.2160	3.6814	96.669	12.474	20.787	781.62	-0.11386	13.907	0.10816	vapor
176.50	1.6805	0.11587	8.6305	2.2222	3.6918	96.728	12.474	20.787	782.73	-0.11388	13.934	0.10836	vapor
177.00	1.6805	0.11554	8.6549	2.2285	3.7022	96.787	12.474	20.787	783.83	-0.11390	13.960	0.10857	vapor
177.50	1.6805	0.11522	8.6793	2.2347	3.7125	96.846	12.474	20.787	784.93	-0.11393	13.986	0.10878	vapor
178.00	1.6805	0.11489	8.7037	2.2409	3.7229	96.904	12.474	20.787	786.03	-0.11395	14.012	0.10899	vapor
178.50	1.6805	0.11457	8.7281	2.2472	3.7333	96.963	12.474	20.787	787.13	-0.11397	14.039	0.10920	vapor
179.00	1.6805	0.11425	8.7525	2.2534	3.7437	97.021	12.474	20.787	788.23	-0.11399	14.065	0.10941	vapor
179.50	1.6805	0.11394	8.7769	2.2596	3.7541	97.079	12.474	20.787	789.33	-0.11402	14.091	0.10962	vapor
180.00	1.6805	0.11362	8.8013	2.2659	3.7645	97.137	12.474	20.787	790.43	-0.11404	14.117	0.10983	vapor
180.50	1.6805	0.11330	8.8258	2.2721	3.7749	97.194	12.474	20.787	791.52	-0.11406	14.143	0.11004	vapor
181.00	1.6805	0.11299	8.8502	2.2784	3.7853	97.252	12.474	20.787	792.61	-0.11408	14.169	0.11024	vapor
181.50	1.6805	0.11268	8.8746	2.2846	3.7957	97.309	12.474	20.787	793.70	-0.11410	14.196	0.11045	vapor
182.00	1.6805	0.11237	8.8990	2.2908	3.8061	97.366	12.474	20.787	794.79	-0.11412	14.222	0.11066	vapor
182.50	1.6805	0.11206	8.9234	2.2971	3.8165	97.423	12.474	20.787	795.88	-0.11414	14.248	0.11087	vapor
183.00	1.6805	0.11176	8.9478	2.3033	3.8269	97.480	12.474	20.786	796.97	-0.11416	14.274	0.11108	vapor
183.50	1.6805	0.11146	8.9722	2.3095	3.8373	97.537	12.474	20.786	798.05	-0.11418	14.300	0.11128	vapor
184.00	1.6805	0.11115	8.9966	2.3158	3.8477	97.593	12.474	20.786	799.13	-0.11419	14.326	0.11149	vapor
184.50	1.6805	0.11085	9.0211	2.3220	3.8580	97.650	12.474	20.786	800.22	-0.11421	14.352	0.11170	vapor
185.00	1.6805	0.11055	9.0455	2.3282	3.8684	97.706	12.474	20.786	801.30	-0.11423	14.378	0.11190	vapor
185.50	1.6805	0.11026	9.0699	2.3345	3.8788	97.762	12.474	20.786	802.38	-0.11425	14.404	0.11211	vapor
186.00	1.6805	0.10996	9.0943	2.3407	3.8892	97.818	12.474	20.786	803.45	-0.11426	14.430	0.11232	vapor
186.50	1.6805	0.10966	9.1187	2.3470	3.8996	97.874	12.474	20.786	804.53	-0.11428	14.455	0.11252	vapor
187.00	1.6805	0.10937	9.1431	2.3532	3.9100	97.930	12.474	20.786	805.60	-0.11430	14.481	0.11273	vapor
187.50	1.6805	0.10908	9.1675	2.3594	3.9204	97.985	12.474	20.786	806.68	-0.11431	14.507	0.11294	vapor
188.00	1.6805	0.10879	9.1919	2.3657	3.9308	98.040	12.474	20.786	807.75	-0.11433	14.533	0.11314	vapor
188.50	1.6805	0.10850	9.2163	2.3719	3.9412	98.096	12.474	20.786	808.82	-0.11434	14.559	0.11335	vapor
189.00	1.6805	0.10822	9.2408	2.3781	3.9516	98.151	12.474	20.786	809.89	-0.11436	14.585	0.11355	vapor
189.50	1.6805	0.10793	9.2652	2.3844	3.9620	98.206	12.474	20.786	810.96	-0.11437	14.610	0.11376	vapor
190.00	1.6805	0.10765	9.2896	2.3906	3.9724	98.260	12.474	20.786	812.02	-0.11439	14.636	0.11396	vapor
190.50	1.6805	0.10737	9.3140	2.3968	3.9828	98.315	12.474	20.786	813.09	-0.11440	14.662	0.11417	vapor
191.00	1.6805	0.10708	9.3384	2.4031	3.9932	98.370	12.474	20.786	814.15	-0.11442	14.688	0.11437	vapor
191.50	1.6805	0.10681	9.3628	2.4093	4.0036	98.424	12.474	20.786	815.21	-0.11443	14.713	0.11458	vapor
192.00	1.6805	0.10653	9.3872	2.4156	4.0139	98.478	12.474	20.786	816.27	-0.11444	14.739	0.11478	vapor
192.50	1.6805	0.10625	9.4116	2.4218	4.0243	98.532	12.474	20.786	817.33	-0.11445	14.765	0.11499	vapor
193.00	1.6805	0.10598	9.4361	2.4280	4.0347	98.586	12.474	20.786	818.39	-0.11447	14.790	0.11519	vapor
193.50	1.6805	0.10570	9.4605	2.4343	4.0451	98.640	12.474	20.786	819.45	-0.11448	14.816	0.11540	vapor
194.00	1.6805	0.10543	9.4849	2.4405	4.0555	98.693	12.474	20.786	820.50	-0.11449	14.842	0.11560	vapor
194.50	1.6805	0.10516	9.5093	2.4467	4.0659	98.747	12.474	20.786	821.56	-0.11450	14.867	0.11581	vapor
195.00	1.6805	0.10489	9.5337	2.4530	4.0763	98.800	12.474	20.786	822.61	-0.11451	14.893	0.11601	vapor
195.50	1.6805	0.10462	9.5581	2.4592	4.0867	98.854	12.474	20.786	823.66	-0.11453	14.918	0.11621	vapor
196.00	1.6805	0.10436	9.5825	2.4655	4.0971	98.907	12.474	20.786	824.71	-0.11454	14.944	0.11642	vapor
196.50	1.6805	0.10409	9.6069	2.4717	4.1075	98.960	12.474	20.786	825.76	-0.11455	14.969	0.11662	vapor
197.00	1.6805	0.10383	9.6314	2.4779	4.1179	99.012	12.474	20.786	826.81	-0.11456	14.995	0.11682	vapor
197.50	1.6805	0.10357	9.6558	2.4842	4.1283	99.065	12.474	20.786	827.85	-0.11457	15.020	0.11703	vapor
198.00	1.6805	0.10330	9.6802	2.4904	4.1387	99.118	12.474	20.786	828.90	-0.11458	15.046	0.11723	vapor
198.50	1.6805	0.10304	9.7046	2.4966	4.1491	99.170	12.474	20.786	829.94	-0.11459	15.071	0.11743	vapor
199.00	1.6805	0.10279	9.7290	2.5029	4.1595	99.222	12.474	20.786	830.98	-0.11459	15.097	0.11763	vapor
199.50	1.6805	0.10253	9.7534	2.5091	4.1698	99.275	12.474	20.786	832.02	-0.11460	15.122	0.11784	vapor
200.00	1.6805	0.10227	9.7778	2.5153	4.1802	99.327	12.474	20.786	833.06	-0.11461	15.148	0.11804	vapor
200.50	1.6805	0.10202	9.8022	2.5216	4.1906	99.379	12.474	20.786	834.10	-0.11462	15.173	0.11824	vapor
201.00	1.6805	0.10176	9.8266	2.5278	4.2010	99.430	12.474	20.786	835.14	-0.11463	15.198	0.11844	vapor
201.50	1.6805	0.10151	9.8511	2.5341	4.2114	99.482	12.474	20.786	836.17	-0.11464	15.224	0.11864	vapor
202.00	1.6805	0.10126	9.8755	2.5403	4.2218	99.533	12.474	20.786	837.20	-0.11464	15.249	0.11885	vapor
202.50	1.6805	0.10101	9.8999	2.5465	4.2322	99.585	12.474	20.786	838.24	-0.11465	15.274	0.11905	vapor
203.00	1.6805	0.10076	9.9243	2.5528	4.2426	99.636	12.474	20.786	839.27	-0.11466	15.299	0.11925	vapor
203.50	1.6805	0.10052	9.9487	2.5590	4.2530	99.687	12.474	20.786	840.30	-0.11467	15.325	0.11945	vapor
204.00	1.6805	0.10027	9.9731	2.5652	4.2634	99.738	12.474	20.786	841.33	-0.11467	15.350	0.11965	vapor
204.50	1.6805	0.10002	9.9975	2.5715	4.2738	99.789	12.474	20.786	842.36	-0.11468	15.375	0.11985	vapor
205.00	1.6805	0.099781	10.022	2.5777	4.2842	99.840	12.474	20.786	843.38	-0.11468	15.400	0.12005	vapor
205.50	1.6805	0.099539	10.046	2.5839	4.2946	99.891	12.474	20.786	844.41	-0.11469	15.426	0.12025	vapor
206.00	1.6805	0.099297	10.071	2.5902	4.3050	99.941	12.474	20.786	845.43	-0.11470	15.451	0.12045	vapor
206.50	1.6805	0.099057	10.095	2.5964	4.3153	99.991	12.474	20.786	846.46	-0.11470	15.476	0.12065	vapor
207.00	1.6805	0.098818	10.120	2.6027	4.3257	100.04	12.474	20.786	847.48	-0.11471	15.501	0.12085	vapor
207.50	1.6805	0.098580	10.144	2.6089	4.3361	100.09	12.474	20.786	848.50	-0.11471	15.526	0.12105	vapor
208.00	1.6805	0.098344	10.168	2.6151	4.3465	100.14	12.474	20.786	849.52	-0.11472	15.551	0.12125	vapor
208.50	1.6805	0.098108	10.193	2.6214	4.3569	100.19	12.474	20.786	850.53	-0.11472	15.577	0.12145	vapor
209.00	1.6805	0.097874	10.217	2.6276	4.3673	100.24	12.474	20.786	851.55	-0.11473	15.602	0.12165	vapor
209.50	1.6805	0.097641	10.242	2.6338	4.3777	100.29	12.474	20.786	852.57	-0.11473	15.627	0.12185	vapor
210.00	1.6805	0.097408	10.266	2.6401	4.3881	100.34	12.474	20.786	853.58	-0.11473	15.652	0.12205	vapor
210.50	1.6805	0.097177	10.290	2.6463	4.3985	100.39	12.474	20.786	854.59	-0.11474	15.677	0.12225	vapor
211.00	1.6805	0.096947	10.315	2.6525	4.4089	100.44	12.474	20.786	855.61	-0.11474	15.702	0.12245	vapor
211.50	1.6805	0.096718	10.339	2.6588	4.4193	100.49	12.474	20.786	856.62	-0.11475	15.727	0.12265	vapor
212.00	1.6805	0.096491	10.364	2.6650	4.4297	100.54	12.474	20.786	857.63	-0.11475	15.752	0.12285	vapor
212.50	1.6805	0.096264	10.388	2.6712	4.4401	100.59	12.474	20.786	858.63	-0.11475	15.777	0.12305	vapor
213.00	1.6805	0.096038	10.413	2.6775	4.4505	100.64	12.473	20.786	859.64	-0.11475	15.802	0.12325	vapor
213.50	1.6805	0.095813	10.437	2.6837	4.4608	100.68	12.473	20.786	860.65	-0.11476	15.827	0.12345	vapor
214.00	1.6805	0.095590	10.461	2.6900	4.4712	100.73	12.473	20.786	861.65	-0.11476	15.852	0.12364	vapor
214.50	1.6805	0.095367	10.486	2.6962	4.4816	100.78	12.473	20.786	862.66	-0.11476	15.876	0.12384	vapor
215.00	1.6805	0.095146	10.510	2.7024	4.4920	100.83	12.473	20.786	863.66	-0.11476	15.901	0.12404	vapor
215.50	1.6805	0.094925	10.535	2.7087	4.5024	100.88	12.473	20.786	864.66	-0.11477	15.926	0.12424	vapor
216.00	1.6805	0.094706	10.559	2.7149	4.5128	100.93	12.473	20.786	865.66	-0.11477	15.951	0.12444	vapor
216.50	1.6805	0.094487	10.583	2.7211	4.5232	100.97	12.473	20.786	866.66	-0.11477	15.976	0.12463	vapor
217.00	1.6805	0.094270	10.608	2.7274	4.5336	101.02	12.473	20.786	867.66	-0.11477	16.001	0.12483	vapor
217.50	1.6805	0.094054	10.632	2.7336	4.5440	101.07	12.473	20.786	868.65	-0.11477	16.026	0.12503	vapor
218.00	1.6805	0.093838	10.657	2.7398	4.5544	101.12	12.473	20.786	869.65	-0.11477	16.050	0.12523	vapor
218.50	1.6805	0.093624	10.681	2.7461	4.5648	101.17	12.473	20.786	870.64	-0.11477	16.075	0.12542	vapor
219.00	1.6805	0.093410	10.705	2.7523	4.5752	101.21	12.473	20.786	871.64	-0.11477	16.100	0.12562	vapor
219.50	1.6805	0.093198	10.730	2.7586	4.5856	101.26	12.473	20.786	872.63	-0.11477	16.125	0.12582	vapor
220.00	1.6805	0.092986	10.754	2.7648	4.5960	101.31	12.473	20.786	873.62	-0.11477	16.149	0.12601	vapor
220.50	1.6805	0.092775	10.779	2.7710	4.6063	101.35	12.473	20.786	874.61	-0.11477	16.174	0.12621	vapor
221.00	1.6805	0.092566	10.803	2.7773	4.6167	101.40	12.473	20.786	875.60	-0.11477	16.199	0.12641	vapor
221.50	1.6805	0.092357	10.828	2.7835	4.6271	101.45	12.473	20.786	876.58	-0.11477	16.223	0.12660	vapor
222.00	1.6805	0.092149	10.852	2.7897	4.6375	101.50	12.473	20.786	877.57	-0.11477	16.248	0.12680	vapor
222.50	1.6805	0.091943	10.876	2.7960	4.6479	101.54	12.473	20.786	878.56	-0.11477	16.273	0.12699	vapor
223.00	1.6805	0.091737	10.901	2.8022	4.6583	101.59	12.473	20.786	879.54	-0.11477	16.297	0.12719	vapor
223.50	1.6805	0.091532	10.925	2.8084	4.6687	101.64	12.473	20.786	880.52	-0.11477	16.322	0.12739	vapor
224.00	1.6805	0.091328	10.950	2.8147	4.6791	101.68	12.473	20.786	881.51	-0.11477	16.347	0.12758	vapor
224.50	1.6805	0.091124	10.974	2.8209	4.6895	101.73	12.473	20.786	882.49	-0.11477	16.371	0.12778	vapor
225.00	1.6805	0.090922	10.998	2.8272	4.6999	101.77	12.473	20.786	883.47	-0.11477	16.396	0.12797	vapor
225.50	1.6805	0.090721	11.023	2.8334	4.7103	101.82	12.473	20.786	884.45	-0.11477	16.420	0.12817	vapor
226.00	1.6805	0.090520	11.047	2.8396	4.7207	101.87	12.473	20.786	885.42	-0.11476	16.445	0.12836	vapor
226.50	1.6805	0.090321	11.072	2.8459	4.7311	101.91	12.473	20.786	886.40	-0.11476	16.469	0.12856	vapor
227.00	1.6805	0.090122	11.096	2.8521	4.7415	101.96	12.473	20.786	887.38	-0.11476	16.494	0.12875	vapor
227.50	1.6805	0.089924	11.120	2.8583	4.7518	102.00	12.473	20.786	888.35	-0.11476	16.518	0.12895	vapor
228.00	1.6805	0.089727	11.145	2.8646	4.7622	102.05	12.473	20.786	889.32	-0.11476	16.543	0.12914	vapor
228.50	1.6805	0.089531	11.169	2.8708	4.7726	102.10	12.473	20.786	890.30	-0.11475	16.567	0.12934	vapor
229.00	1.6805	0.089336	11.194	2.8770	4.7830	102.14	12.473	20.786	891.27	-0.11475	16.592	0.12953	vapor
229.50	1.6805	0.089141	11.218	2.8833	4.7934	102.19	12.473	20.786	892.24	-0.11475	16.616	0.12973	vapor
230.00	1.6805	0.088948	11.243	2.8895	4.8038	102.23	12.473	20.786	893.21	-0.11475	16.641	0.12992	vapor
230.50	1.6805	0.088755	11.267	2.8958	4.8142	102.28	12.473	20.786	894.18	-0.11474	16.665	0.13011	vapor
231.00	1.6805	0.088563	11.291	2.9020	4.8246	102.32	12.473	20.786	895.14	-0.11474	16.690	0.13031	vapor
231.50	1.6805	0.088372	11.316	2.9082	4.8350	102.37	12.473	20.786	896.11	-0.11474	16.714	0.13050	vapor
232.00	1.6805	0.088182	11.340	2.9145	4.8454	102.41	12.473	20.786	897.07	-0.11473	16.738	0.13070	vapor
232.50	1.6805	0.087993	11.365	2.9207	4.8558	102.46	12.473	20.786	898.04	-0.11473	16.763	0.13089	vapor
233.00	1.6805	0.087804	11.389	2.9269	4.8662	102.50	12.473	20.786	899.00	-0.11473	16.787	0.13108	vapor
233.50	1.6805	0.087616	11.413	2.9332	4.8766	102.55	12.473	20.786	899.96	-0.11472	16.811	0.13128	vapor
234.00	1.6805	0.087429	11.438	2.9394	4.8870	102.59	12.473	20.786	900.92	-0.11472	16.836	0.13147	vapor
234.50	1.6805	0.087243	11.462	2.9456	4.8973	102.63	12.473	20.786	901.88	-0.11471	16.860	0.13166	vapor
235.00	1.6805	0.087058	11.487	2.9519	4.9077	102.68	12.473	20.786	902.84	-0.11471	16.884	0.13186	vapor
235.50	1.6805	0.086873	11.511	2.9581	4.9181	102.72	12.473	20.786	903.80	-0.11471	16.908	0.13205	vapor
236.00	1.6805	0.086689	11.535	2.9644	4.9285	102.77	12.473	20.786	904.76	-0.11470	16.933	0.13224	vapor
236.50	1.6805	0.086506	11.560	2.9706	4.9389	102.81	12.473	20.786	905.71	-0.11470	16.957	0.13243	vapor
237.00	1.6805	0.086324	11.584	2.9768	4.9493	102.85	12.473	20.786	906.67	-0.11469	16.981	0.13263	vapor
237.50	1.6805	0.086142	11.609	2.9831	4.9597	102.90	12.473	20.786	907.62	-0.11469	17.005	0.13282	vapor
238.00	1.6805	0.085961	11.633	2.9893	4.9701	102.94	12.473	20.786	908.57	-0.11468	17.030	0.13301	vapor
238.50	1.6805	0.085781	11.658	2.9955	4.9805	102.99	12.473	20.786	909.53	-0.11468	17.054	0.13320	vapor
239.00	1.6805	0.085602	11.682	3.0018	4.9909	103.03	12.473	20.786	910.48	-0.11467	17.078	0.13339	vapor
239.50	1.6805	0.085424	11.706	3.0080	5.0013	103.07	12.473	20.786	911.43	-0.11467	17.102	0.13359	vapor
240.00	1.6805	0.085246	11.731	3.0142	5.0117	103.12	12.473	20.786	912.38	-0.11466	17.126	0.13378	vapor
240.50	1.6805	0.085069	11.755	3.0205	5.0221	103.16	12.473	20.786	913.32	-0.11466	17.150	0.13397	vapor
241.00	1.6805	0.084893	11.780	3.0267	5.0325	103.20	12.473	20.786	914.27	-0.11465	17.175	0.13416	vapor
241.50	1.6805	0.084717	11.804	3.0329	5.0428	103.25	12.473	20.786	915.22	-0.11465	17.199	0.13435	vapor
242.00	1.6805	0.084542	11.828	3.0392	5.0532	103.29	12.473	20.786	916.16	-0.11464	17.223	0.13454	vapor
242.50	1.6805	0.084368	11.853	3.0454	5.0636	103.33	12.473	20.786	917.11	-0.11463	17.247	0.13474	vapor
243.00	1.6805	0.084195	11.877	3.0517	5.0740	103.37	12.473	20.786	918.05	-0.11463	17.271	0.13493	vapor
243.50	1.6805	0.084022	11.902	3.0579	5.0844	103.42	12.473	20.786	918.99	-0.11462	17.295	0.13512	vapor
244.00	1.6805	0.083850	11.926	3.0641	5.0948	103.46	12.473	20.786	919.93	-0.11462	17.319	0.13531	vapor
244.50	1.6805	0.083679	11.950	3.0704	5.1052	103.50	12.473	20.786	920.87	-0.11461	17.343	0.13550	vapor
245.00	1.6805	0.083508	11.975	3.0766	5.1156	103.54	12.473	20.786	921.81	-0.11460	17.367	0.13569	vapor
245.50	1.6805	0.083338	11.999	3.0828	5.1260	103.59	12.473	20.786	922.75	-0.11460	17.391	0.13588	vapor
246.00	1.6805	0.083169	12.024	3.0891	5.1364	103.63	12.473	20.786	923.69	-0.11459	17.415	0.13607	vapor
246.50	1.6805	0.083000	12.048	3.0953	5.1468	103.67	12.473	20.786	924.62	-0.11458	17.439	0.13626	vapor
247.00	1.6805	0.082833	12.073	3.1015	5.1572	103.71	12.473	20.786	925.56	-0.11458	17.463	0.13645	vapor
247.50	1.6805	0.082665	12.097	3.1078	5.1676	103.76	12.473	20.786	926.49	-0.11457	17.487	0.13664	vapor
248.00	1.6805	0.082499	12.121	3.1140	5.1780	103.80	12.473	20.785	927.43	-0.11456	17.511	0.13683	vapor
248.50	1.6805	0.082333	12.146	3.1203	5.1883	103.84	12.473	20.785	928.36	-0.11456	17.535	0.13702	vapor
249.00	1.6805	0.082168	12.170	3.1265	5.1987	103.88	12.473	20.785	929.29	-0.11455	17.558	0.13721	vapor
249.50	1.6805	0.082004	12.195	3.1327	5.2091	103.92	12.473	20.785	930.22	-0.11454	17.582	0.13740	vapor
250.00	1.6805	0.081840	12.219	3.1390	5.2195	103.96	12.473	20.785	931.15	-0.11453	17.606	0.13759	vapor
250.50	1.6805	0.081677	12.243	3.1452	5.2299	104.01	12.473	20.785	932.08	-0.11453	17.630	0.13778	vapor
251.00	1.6805	0.081514	12.268	3.1514	5.2403	104.05	12.473	20.785	933.01	-0.11452	17.654	0.13797	vapor
251.50	1.6805	0.081352	12.292	3.1577	5.2507	104.09	12.473	20.785	933.93	-0.11451	17.678	0.13816	vapor
252.00	1.6805	0.081191	12.317	3.1639	5.2611	104.13	12.473	20.785	934.86	-0.11450	17.702	0.13835	vapor
252.50	1.6805	0.081030	12.341	3.1701	5.2715	104.17	12.473	20.785	935.79	-0.11450	17.725	0.13854	vapor
253.00	1.6805	0.080870	12.365	3.1764	5.2819	104.21	12.473	20.785	936.71	-0.11449	17.749	0.13873	vapor
253.50	1.6805	0.080711	12.390	3.1826	5.2923	104.25	12.473	20.785	937.63	-0.11448	17.773	0.13891	vapor
254.00	1.6805	0.080552	12.414	3.1888	5.3027	104.29	12.473	20.785	938.56	-0.11447	17.797	0.13910	vapor
254.50	1.6805	0.080394	12.439	3.1951	5.3131	104.34	12.473	20.785	939.48	-0.11446	17.820	0.13929	vapor
255.00	1.6805	0.080237	12.463	3.2013	5.3235	104.38	12.473	20.785	940.40	-0.11446	17.844	0.13948	vapor
255.50	1.6805	0.080080	12.488	3.2076	5.3338	104.42	12.473	20.785	941.32	-0.11445	17.868	0.13967	vapor
256.00	1.6805	0.079924	12.512	3.2138	5.3442	104.46	12.473	20.785	942.24	-0.11444	17.892	0.13986	vapor
256.50	1.6805	0.079768	12.536	3.2200	5.3546	104.50	12.473	20.785	943.15	-0.11443	17.915	0.14004	vapor
257.00	1.6805	0.079613	12.561	3.2263	5.3650	104.54	12.473	20.785	944.07	-0.11442	17.939	0.14023	vapor
257.50	1.6805	0.079458	12.585	3.2325	5.3754	104.58	12.473	20.785	944.99	-0.11441	17.963	0.14042	vapor
258.00	1.6805	0.079305	12.610	3.2387	5.3858	104.62	12.473	20.785	945.90	-0.11440	17.986	0.14061	vapor
258.50	1.6805	0.079151	12.634	3.2450	5.3962	104.66	12.473	20.785	946.82	-0.11440	18.010	0.14080	vapor
259.00	1.6805	0.078999	12.658	3.2512	5.4066	104.70	12.473	20.785	947.73	-0.11439	18.034	0.14098	vapor
259.50	1.6805	0.078847	12.683	3.2574	5.4170	104.74	12.473	20.785	948.64	-0.11438	18.057	0.14117	vapor
260.00	1.6805	0.078695	12.707	3.2637	5.4274	104.78	12.473	20.785	949.55	-0.11437	18.081	0.14136	vapor
260.50	1.6805	0.078544	12.732	3.2699	5.4378	104.82	12.473	20.785	950.46	-0.11436	18.105	0.14155	vapor
261.00	1.6805	0.078394	12.756	3.2762	5.4482	104.86	12.473	20.785	951.37	-0.11435	18.128	0.14173	vapor
261.50	1.6805	0.078244	12.780	3.2824	5.4586	104.90	12.473	20.785	952.28	-0.11434	18.152	0.14192	vapor
262.00	1.6805	0.078095	12.805	3.2886	5.4689	104.94	12.473	20.785	953.19	-0.11433	18.175	0.14211	vapor
262.50	1.6805	0.077947	12.829	3.2949	5.4793	104.98	12.473	20.785	954.10	-0.11432	18.199	0.14229	vapor
263.00	1.6805	0.077798	12.854	3.3011	5.4897	105.02	12.473	20.785	955.01	-0.11431	18.222	0.14248	vapor
263.50	1.6805	0.077651	12.878	3.3073	5.5001	105.06	12.473	20.785	955.91	-0.11430	18.246	0.14267	vapor
264.00	1.6805	0.077504	12.903	3.3136	5.5105	105.10	12.473	20.785	956.82	-0.11429	18.269	0.14285	vapor
264.50	1.6805	0.077358	12.927	3.3198	5.5209	105.14	12.473	20.785	957.72	-0.11428	18.293	0.14304	vapor
265.00	1.6805	0.077212	12.951	3.3260	5.5313	105.18	12.473	20.785	958.62	-0.11427	18.316	0.14323	vapor
265.50	1.6805	0.077067	12.976	3.3323	5.5417	105.22	12.473	20.785	959.53	-0.11426	18.340	0.14341	vapor
266.00	1.6805	0.076922	13.000	3.3385	5.5521	105.25	12.473	20.785	960.43	-0.11425	18.363	0.14360	vapor
266.50	1.6805	0.076778	13.025	3.3448	5.5625	105.29	12.473	20.785	961.33	-0.11424	18.387	0.14378	vapor
267.00	1.6805	0.076634	13.049	3.3510	5.5729	105.33	12.473	20.785	962.23	-0.11423	18.410	0.14397	vapor
267.50	1.6805	0.076491	13.073	3.3572	5.5833	105.37	12.473	20.785	963.13	-0.11422	18.434	0.14416	vapor
268.00	1.6805	0.076348	13.098	3.3635	5.5937	105.41	12.473	20.785	964.02	-0.11421	18.457	0.14434	vapor
268.50	1.6805	0.076206	13.122	3.3697	5.6041	105.45	12.473	20.785	964.92	-0.11420	18.481	0.14453	vapor
269.00	1.6805	0.076065	13.147	3.3759	5.6144	105.49	12.473	20.785	965.82	-0.11419	18.504	0.14471	vapor
269.50	1.6805	0.075924	13.171	3.3822	5.6248	105.53	12.473	20.785	966.71	-0.11418	18.527	0.14490	vapor
270.00	1.6805	0.075783	13.195	3.3884	5.6352	105.56	12.473	20.785	967.61	-0.11417	18.551	0.14508	vapor
270.50	1.6805	0.075644	13.220	3.3946	5.6456	105.60	12.473	20.785	968.50	-0.11416	18.574	0.14527	vapor
271.00	1.6805	0.075504	13.244	3.4009	5.6560	105.64	12.473	20.785	969.39	-0.11415	18.597	0.14545	vapor
271.50	1.6805	0.075365	13.269	3.4071	5.6664	105.68	12.473	20.785	970.29	-0.11414	18.621	0.14564	vapor
272.00	1.6805	0.075227	13.293	3.4133	5.6768	105.72	12.473	20.785	971.18	-0.11413	18.644	0.14582	vapor
272.50	1.6805	0.075089	13.318	3.4196	5.6872	105.76	12.473	20.785	972.07	-0.11412	18.667	0.14601	vapor
273.00	1.6805	0.074952	13.342	3.4258	5.6976	105.79	12.473	20.785	972.96	-0.11411	18.691	0.14619	vapor
273.50	1.6805	0.074815	13.366	3.4321	5.7080	105.83	12.473	20.785	973.85	-0.11410	18.714	0.14638	vapor
274.00	1.6805	0.074678	13.391	3.4383	5.7184	105.87	12.473	20.785	974.74	-0.11409	18.737	0.14656	vapor
274.50	1.6805	0.074542	13.415	3.4445	5.7288	105.91	12.473	20.785	975.62	-0.11407	18.760	0.14675	vapor
275.00	1.6805	0.074407	13.440	3.4508	5.7392	105.95	12.473	20.785	976.51	-0.11406	18.784	0.14693	vapor
275.50	1.6805	0.074272	13.464	3.4570	5.7496	105.98	12.473	20.785	977.40	-0.11405	18.807	0.14712	vapor
276.00	1.6805	0.074138	13.488	3.4632	5.7599	106.02	12.473	20.785	978.28	-0.11404	18.830	0.14730	vapor
276.50	1.6805	0.074004	13.513	3.4695	5.7703	106.06	12.473	20.785	979.16	-0.11403	18.853	0.14748	vapor
277.00	1.6805	0.073870	13.537	3.4757	5.7807	106.10	12.473	20.785	980.05	-0.11402	18.877	0.14767	vapor
277.50	1.6805	0.073737	13.562	3.4819	5.7911	106.13	12.473	20.785	980.93	-0.11401	18.900	0.14785	vapor
278.00	1.6805	0.073605	13.586	3.4882	5.8015	106.17	12.473	20.785	981.81	-0.11400	18.923	0.14804	vapor
278.50	1.6805	0.073473	13.610	3.4944	5.8119	106.21	12.473	20.785	982.69	-0.11398	18.946	0.14822	vapor
279.00	1.6805	0.073341	13.635	3.5006	5.8223	106.25	12.473	20.785	983.57	-0.11397	18.969	0.14840	vapor
279.50	1.6805	0.073210	13.659	3.5069	5.8327	106.28	12.473	20.785	984.45	-0.11396	18.992	0.14859	vapor
280.00	1.6805	0.073080	13.684	3.5131	5.8431	106.32	12.473	20.785	985.33	-0.11395	19.016	0.14877	vapor
280.50	1.6805	0.072949	13.708	3.5194	5.8535	106.36	12.473	20.785	986.21	-0.11394	19.039	0.14895	vapor
281.00	1.6805	0.072820	13.733	3.5256	5.8639	106.39	12.473	20.785	987.09	-0.11393	19.062	0.14914	vapor
281.50	1.6805	0.072690	13.757	3.5318	5.8743	106.43	12.473	20.785	987.96	-0.11391	19.085	0.14932	vapor
282.00	1.6805	0.072562	13.781	3.5381	5.8847	106.47	12.473	20.785	988.84	-0.11390	19.108	0.14950	vapor
282.50	1.6805	0.072433	13.806	3.5443	5.8950	106.51	12.473	20.785	989.71	-0.11389	19.131	0.14968	vapor
283.00	1.6805	0.072306	13.830	3.5505	5.9054	106.54	12.473	20.785	990.59	-0.11388	19.154	0.14987	vapor
283.50	1.6805	0.072178	13.855	3.5568	5.9158	106.58	12.473	20.785	991.46	-0.11387	19.177	0.15005	vapor
284.00	1.6805	0.072051	13.879	3.5630	5.9262	106.62	12.473	20.785	992.33	-0.11386	19.200	0.15023	vapor
284.50	1.6805	0.071925	13.903	3.5692	5.9366	106.65	12.473	20.785	993.20	-0.11384	19.223	0.15042	vapor
285.00	1.6805	0.071799	13.928	3.5755	5.9470	106.69	12.473	20.785	994.07	-0.11383	19.246	0.15060	vapor
285.50	1.6805	0.071673	13.952	3.5817	5.9574	106.72	12.473	20.785	994.94	-0.11382	19.269	0.15078	vapor
286.00	1.6805	0.071548	13.977	3.5880	5.9678	106.76	12.473	20.785	995.81	-0.11381	19.292	0.15096	vapor
286.50	1.6805	0.071423	14.001	3.5942	5.9782	106.80	12.473	20.785	996.68	-0.11379	19.315	0.15114	vapor
287.00	1.6805	0.071299	14.025	3.6004	5.9886	106.83	12.473	20.785	997.55	-0.11378	19.338	0.15133	vapor
287.50	1.6805	0.071175	14.050	3.6067	5.9990	106.87	12.473	20.785	998.42	-0.11377	19.361	0.15151	vapor
288.00	1.6805	0.071051	14.074	3.6129	6.0094	106.91	12.473	20.785	999.28	-0.11376	19.384	0.15169	vapor
288.50	1.6805	0.070928	14.099	3.6191	6.0198	106.94	12.473	20.785	1000.1	-0.11375	19.407	0.15187	vapor
289.00	1.6805	0.070806	14.123	3.6254	6.0302	106.98	12.473	20.785	1001.0	-0.11373	19.430	0.15205	vapor
289.50	1.6805	0.070684	14.148	3.6316	6.0405	107.01	12.473	20.785	1001.9	-0.11372	19.453	0.15224	vapor
290.00	1.6805	0.070562	14.172	3.6378	6.0509	107.05	12.473	20.785	1002.7	-0.11371	19.476	0.15242	vapor
290.50	1.6805	0.070440	14.196	3.6441	6.0613	107.09	12.473	20.785	1003.6	-0.11369	19.499	0.15260	vapor
291.00	1.6805	0.070320	14.221	3.6503	6.0717	107.12	12.473	20.785	1004.5	-0.11368	19.522	0.15278	vapor
291.50	1.6805	0.070199	14.245	3.6565	6.0821	107.16	12.473	20.785	1005.3	-0.11367	19.545	0.15296	vapor
292.00	1.6805	0.070079	14.270	3.6628	6.0925	107.19	12.473	20.785	1006.2	-0.11366	19.568	0.15314	vapor
292.50	1.6805	0.069959	14.294	3.6690	6.1029	107.23	12.473	20.785	1007.0	-0.11364	19.590	0.15332	vapor
293.00	1.6805	0.069840	14.318	3.6753	6.1133	107.26	12.473	20.785	1007.9	-0.11363	19.613	0.15350	vapor
293.50	1.6805	0.069721	14.343	3.6815	6.1237	107.30	12.473	20.785	1008.8	-0.11362	19.636	0.15368	vapor
294.00	1.6805	0.069603	14.367	3.6877	6.1341	107.33	12.473	20.785	1009.6	-0.11361	19.659	0.15387	vapor
294.50	1.6805	0.069485	14.392	3.6940	6.1445	107.37	12.473	20.785	1010.5	-0.11359	19.682	0.15405	vapor
295.00	1.6805	0.069367	14.416	3.7002	6.1549	107.41	12.473	20.785	1011.3	-0.11358	19.705	0.15423	vapor
295.50	1.6805	0.069250	14.441	3.7064	6.1653	107.44	12.473	20.785	1012.2	-0.11357	19.727	0.15441	vapor
296.00	1.6805	0.069133	14.465	3.7127	6.1757	107.48	12.473	20.785	1013.0	-0.11355	19.750	0.15459	vapor
296.50	1.6805	0.069016	14.489	3.7189	6.1860	107.51	12.473	20.785	1013.9	-0.11354	19.773	0.15477	vapor
297.00	1.6805	0.068900	14.514	3.7251	6.1964	107.55	12.473	20.785	1014.7	-0.11353	19.796	0.15495	vapor
297.50	1.6805	0.068785	14.538	3.7314	6.2068	107.58	12.473	20.785	1015.6	-0.11351	19.818	0.15513	vapor
298.00	1.6805	0.068669	14.563	3.7376	6.2172	107.62	12.473	20.785	1016.5	-0.11350	19.841	0.15531	vapor
298.50	1.6805	0.068554	14.587	3.7439	6.2276	107.65	12.473	20.785	1017.3	-0.11349	19.864	0.15549	vapor
299.00	1.6805	0.068440	14.611	3.7501	6.2380	107.69	12.473	20.785	1018.2	-0.11347	19.887	0.15567	vapor
299.50	1.6805	0.068326	14.636	3.7563	6.2484	107.72	12.473	20.785	1019.0	-0.11346	19.909	0.15585	vapor
300.00	1.6805	0.068212	14.660	3.7626	6.2588	107.75	12.473	20.785	1019.9	-0.11345	19.932	0.15603	vapor
