Temperature (K)	Pressure (atm)	Density (mol/l)	Volume (l/mol)	Internal Energy (kJ/mol)	Enthalpy (kJ/mol)	Entropy (J/mol*K)	Cv (J/mol*K)	Cp (J/mol*K)	Sound Spd. (m/s)	Joule-Thomson (F/atm)	Viscosity (uPa*s)	Therm. Cond. (W/m*K)	Phase
4.0000	1.6124	33.150	0.030166	-0.0085179	-0.0035895	-1.3385	9.8698	16.318	201.20	-0.16421	3.4766	0.019069	liquid
4.5000	1.6124	30.415	0.032879	0.00074604	0.0061177	0.93982	10.323	23.876	174.09	0.019668	3.1212	0.019142	liquid
4.7802	1.6124	27.635	0.036186	0.0086366	0.014548	2.7525	10.616	41.087	148.36	0.24570	2.8269	0.018915	liquid
4.7802	1.6124	7.2571	0.13780	0.056369	0.078881	16.211	12.467	62.651	101.09	1.7767	1.5260	0.011517	vapor
5.0000	1.6124	6.0552	0.16515	0.062770	0.089752	18.437	12.519	41.690	109.19	1.5826	1.5306	0.011371	vapor
5.5000	1.6124	4.7689	0.20969	0.073081	0.10734	21.798	12.482	31.156	122.23	1.3141	1.5931	0.011745	vapor
6.0000	1.6124	4.0547	0.24663	0.081635	0.12193	24.338	12.442	27.648	132.30	1.1408	1.6713	0.012301	vapor
6.5000	1.6124	3.5676	0.28030	0.089465	0.13526	26.474	12.422	25.848	140.88	1.0127	1.7530	0.012917	vapor
7.0000	1.6124	3.2039	0.31212	0.096897	0.14789	28.346	12.416	24.752	148.51	0.91179	1.8352	0.013556	vapor
7.5000	1.6124	2.9178	0.34272	0.10408	0.16007	30.027	12.419	24.018	155.48	0.82925	1.9169	0.014194	vapor
8.0000	1.6124	2.6848	0.37247	0.11109	0.17194	31.560	12.426	23.493	161.94	0.75990	1.9976	0.014818	vapor
8.5000	1.6124	2.4902	0.40157	0.11798	0.18359	32.972	12.435	23.101	168.02	0.70046	2.0771	0.015424	vapor
9.0000	1.6124	2.3246	0.43019	0.12478	0.19506	34.283	12.444	22.798	173.77	0.64873	2.1554	0.016013	vapor
9.5000	1.6124	2.1815	0.45841	0.13150	0.20640	35.509	12.452	22.557	179.26	0.60314	2.2323	0.016584	vapor
10.000	1.6124	2.0563	0.48631	0.13817	0.21762	36.661	12.460	22.360	184.52	0.56255	2.3079	0.017140	vapor
10.500	1.6124	1.9457	0.51395	0.14479	0.22876	37.748	12.467	22.198	189.58	0.52610	2.3822	0.017681	vapor
11.000	1.6124	1.8472	0.54137	0.15138	0.23983	38.777	12.473	22.061	194.46	0.49314	2.4554	0.018210	vapor
11.500	1.6124	1.7587	0.56860	0.15793	0.25083	39.755	12.478	21.945	199.18	0.46314	2.5273	0.018726	vapor
12.000	1.6124	1.6788	0.59567	0.16445	0.26177	40.687	12.483	21.845	203.77	0.43570	2.5981	0.019231	vapor
12.500	1.6124	1.6062	0.62260	0.17095	0.27267	41.577	12.487	21.758	208.23	0.41048	2.6678	0.019726	vapor
13.000	1.6124	1.5399	0.64940	0.17743	0.28353	42.429	12.490	21.682	212.58	0.38721	2.7365	0.020212	vapor
13.500	1.6124	1.4791	0.67610	0.18390	0.29436	43.246	12.493	21.614	216.81	0.36566	2.8041	0.020689	vapor
14.000	1.6124	1.4231	0.70270	0.19034	0.30515	44.031	12.495	21.555	220.95	0.34563	2.8707	0.021158	vapor
14.500	1.6124	1.3713	0.72921	0.19678	0.31591	44.786	12.497	21.501	225.00	0.32697	2.9365	0.021619	vapor
15.000	1.6124	1.3234	0.75565	0.20319	0.32665	45.514	12.499	21.453	228.97	0.30953	3.0013	0.022074	vapor
15.500	1.6124	1.2787	0.78202	0.20960	0.33737	46.217	12.500	21.410	232.86	0.29321	3.0652	0.022522	vapor
16.000	1.6124	1.2371	0.80832	0.21600	0.34806	46.896	12.501	21.371	236.67	0.27788	3.1284	0.022964	vapor
16.500	1.6124	1.1982	0.83457	0.22239	0.35874	47.553	12.502	21.335	240.42	0.26347	3.1907	0.023401	vapor
17.000	1.6124	1.1617	0.86077	0.22877	0.36940	48.190	12.502	21.303	244.10	0.24990	3.2522	0.023832	vapor
17.500	1.6124	1.1275	0.88693	0.23514	0.38004	48.807	12.503	21.273	247.71	0.23708	3.3130	0.024258	vapor
18.000	1.6124	1.0952	0.91304	0.24150	0.39067	49.406	12.503	21.246	251.27	0.22497	3.3731	0.024679	vapor
18.500	1.6124	1.0648	0.93911	0.24786	0.40129	49.988	12.503	21.221	254.78	0.21351	3.4325	0.025096	vapor
19.000	1.6124	1.0361	0.96514	0.25421	0.41189	50.553	12.503	21.198	258.23	0.20264	3.4913	0.025508	vapor
19.500	1.6124	1.0089	0.99114	0.26056	0.42249	51.104	12.503	21.177	261.63	0.19232	3.5493	0.025917	vapor
20.000	1.6124	0.98317	1.0171	0.26690	0.43307	51.639	12.503	21.157	264.98	0.18251	3.6068	0.026321	vapor
20.500	1.6124	0.95872	1.0431	0.27323	0.44364	52.162	12.503	21.139	268.29	0.17318	3.6637	0.026722	vapor
21.000	1.6124	0.93547	1.0690	0.27956	0.45421	52.671	12.503	21.122	271.55	0.16429	3.7199	0.027120	vapor
21.500	1.6124	0.91335	1.0949	0.28589	0.46477	53.168	12.503	21.106	274.78	0.15582	3.7757	0.027514	vapor
22.000	1.6124	0.89227	1.1207	0.29221	0.47531	53.653	12.503	21.091	277.96	0.14773	3.8308	0.027904	vapor
22.500	1.6124	0.87215	1.1466	0.29853	0.48586	54.127	12.502	21.077	281.10	0.14000	3.8855	0.028292	vapor
23.000	1.6124	0.85294	1.1724	0.30484	0.49639	54.590	12.502	21.064	284.21	0.13261	3.9396	0.028677	vapor
23.500	1.6124	0.83456	1.1982	0.31116	0.50692	55.043	12.502	21.052	287.28	0.12554	3.9933	0.029059	vapor
24.000	1.6124	0.81698	1.2240	0.31747	0.51744	55.486	12.501	21.041	290.31	0.11877	4.0464	0.029438	vapor
24.500	1.6124	0.80013	1.2498	0.32377	0.52796	55.919	12.501	21.030	293.31	0.11228	4.0991	0.029814	vapor
25.000	1.6124	0.78397	1.2756	0.33008	0.53847	56.344	12.501	21.020	296.28	0.10605	4.1513	0.030188	vapor
25.500	1.6124	0.76845	1.3013	0.33638	0.54898	56.760	12.500	21.010	299.22	0.10007	4.2031	0.030560	vapor
26.000	1.6124	0.75355	1.3270	0.34267	0.55948	57.168	12.500	21.001	302.13	0.094328	4.2545	0.030929	vapor
26.500	1.6124	0.73922	1.3528	0.34897	0.56998	57.568	12.499	20.993	305.01	0.088808	4.3054	0.031296	vapor
27.000	1.6124	0.72543	1.3785	0.35526	0.58048	57.960	12.499	20.985	307.86	0.083498	4.3559	0.031660	vapor
27.500	1.6124	0.71216	1.4042	0.36156	0.59097	58.345	12.499	20.977	310.68	0.078388	4.4061	0.032022	vapor
28.000	1.6124	0.69936	1.4299	0.36785	0.60145	58.723	12.498	20.970	313.48	0.073467	4.4558	0.032383	vapor
28.500	1.6124	0.68702	1.4556	0.37413	0.61194	59.094	12.498	20.963	316.25	0.068725	4.5052	0.032741	vapor
29.000	1.6124	0.67512	1.4812	0.38042	0.62242	59.459	12.498	20.957	319.00	0.064154	4.5542	0.033097	vapor
29.500	1.6124	0.66362	1.5069	0.38670	0.63290	59.817	12.497	20.951	321.72	0.059744	4.6029	0.033451	vapor
30.000	1.6124	0.65251	1.5325	0.39299	0.64337	60.169	12.497	20.945	324.42	0.055489	4.6512	0.033804	vapor
30.500	1.6124	0.64177	1.5582	0.39927	0.65384	60.515	12.496	20.939	327.09	0.051380	4.6992	0.034154	vapor
31.000	1.6124	0.63139	1.5838	0.40555	0.66431	60.856	12.496	20.934	329.75	0.047410	4.7469	0.034503	vapor
31.500	1.6124	0.62133	1.6094	0.41183	0.67477	61.191	12.496	20.929	332.38	0.043574	4.7942	0.034850	vapor
32.000	1.6124	0.61159	1.6351	0.41810	0.68524	61.520	12.495	20.924	334.98	0.039865	4.8412	0.035195	vapor
32.500	1.6124	0.60216	1.6607	0.42438	0.69570	61.845	12.495	20.920	337.57	0.036277	4.8879	0.035539	vapor
33.000	1.6124	0.59302	1.6863	0.43065	0.70616	62.164	12.495	20.915	340.14	0.032805	4.9343	0.035881	vapor
33.500	1.6124	0.58415	1.7119	0.43693	0.71661	62.479	12.494	20.911	342.69	0.029444	4.9804	0.036221	vapor
34.000	1.6124	0.57554	1.7375	0.44320	0.72707	62.788	12.494	20.907	345.22	0.026189	5.0263	0.036560	vapor
34.500	1.6124	0.56719	1.7631	0.44947	0.73752	63.094	12.494	20.903	347.73	0.023035	5.0718	0.036897	vapor
35.000	1.6124	0.55907	1.7887	0.45574	0.74797	63.394	12.493	20.900	350.22	0.019978	5.1171	0.037233	vapor
35.500	1.6124	0.55119	1.8143	0.46201	0.75842	63.691	12.493	20.896	352.69	0.017014	5.1621	0.037568	vapor
36.000	1.6124	0.54353	1.8398	0.46828	0.76887	63.983	12.493	20.893	355.15	0.014139	5.2068	0.037901	vapor
36.500	1.6124	0.53607	1.8654	0.47455	0.77931	64.271	12.492	20.890	357.59	0.011349	5.2513	0.038232	vapor
37.000	1.6124	0.52883	1.8910	0.48081	0.78976	64.555	12.492	20.887	360.01	0.0086421	5.2956	0.038563	vapor
37.500	1.6124	0.52177	1.9165	0.48708	0.80020	64.836	12.492	20.884	362.41	0.0060135	5.3396	0.038891	vapor
38.000	1.6124	0.51490	1.9421	0.49334	0.81064	65.112	12.492	20.881	364.80	0.0034606	5.3833	0.039219	vapor
38.500	1.6124	0.50822	1.9677	0.49961	0.82108	65.385	12.491	20.878	367.17	0.00098042	5.4269	0.039545	vapor
39.000	1.6124	0.50170	1.9932	0.50587	0.83152	65.655	12.491	20.875	369.53	-0.0014299	5.4701	0.039870	vapor
39.500	1.6124	0.49535	2.0188	0.51214	0.84196	65.920	12.491	20.873	371.87	-0.0037729	5.5132	0.040194	vapor
40.000	1.6124	0.48916	2.0443	0.51840	0.85239	66.183	12.490	20.871	374.20	-0.0060512	5.5561	0.040517	vapor
40.500	1.6124	0.48312	2.0699	0.52466	0.86283	66.442	12.490	20.868	376.51	-0.0082672	5.5987	0.040838	vapor
41.000	1.6124	0.47724	2.0954	0.53092	0.87326	66.698	12.490	20.866	378.81	-0.010423	5.6411	0.041158	vapor
41.500	1.6124	0.47149	2.1209	0.53718	0.88369	66.951	12.490	20.864	381.10	-0.012521	5.6833	0.041478	vapor
42.000	1.6124	0.46588	2.1465	0.54344	0.89412	67.201	12.489	20.862	383.37	-0.014564	5.7253	0.041796	vapor
42.500	1.6124	0.46040	2.1720	0.54970	0.90455	67.448	12.489	20.860	385.62	-0.016552	5.7671	0.042112	vapor
43.000	1.6124	0.45506	2.1975	0.55596	0.91498	67.692	12.489	20.858	387.86	-0.018489	5.8087	0.042428	vapor
43.500	1.6124	0.44983	2.2231	0.56221	0.92541	67.933	12.489	20.856	390.09	-0.020376	5.8501	0.042743	vapor
44.000	1.6124	0.44472	2.2486	0.56847	0.93584	68.171	12.489	20.854	392.31	-0.022214	5.8914	0.043056	vapor
44.500	1.6124	0.43973	2.2741	0.57473	0.94627	68.407	12.488	20.852	394.52	-0.024006	5.9324	0.043369	vapor
45.000	1.6124	0.43485	2.2996	0.58098	0.95669	68.640	12.488	20.851	396.71	-0.025752	5.9732	0.043680	vapor
45.500	1.6124	0.43008	2.3251	0.58724	0.96712	68.870	12.488	20.849	398.89	-0.027455	6.0139	0.043991	vapor
46.000	1.6124	0.42541	2.3507	0.59350	0.97754	69.098	12.488	20.847	401.06	-0.029116	6.0544	0.044300	vapor
46.500	1.6124	0.42084	2.3762	0.59975	0.98796	69.324	12.487	20.846	403.21	-0.030736	6.0947	0.044609	vapor
47.000	1.6124	0.41637	2.4017	0.60601	0.99839	69.547	12.487	20.844	405.36	-0.032317	6.1349	0.044917	vapor
47.500	1.6124	0.41200	2.4272	0.61226	1.0088	69.767	12.487	20.843	407.49	-0.033859	6.1749	0.045223	vapor
48.000	1.6124	0.40771	2.4527	0.61851	1.0192	69.985	12.487	20.842	409.61	-0.035365	6.2147	0.045529	vapor
48.500	1.6124	0.40352	2.4782	0.62477	1.0297	70.201	12.487	20.840	411.72	-0.036835	6.2544	0.045834	vapor
49.000	1.6124	0.39941	2.5037	0.63102	1.0401	70.415	12.486	20.839	413.82	-0.038270	6.2939	0.046137	vapor
49.500	1.6124	0.39538	2.5292	0.63727	1.0505	70.627	12.486	20.838	415.91	-0.039672	6.3332	0.046440	vapor
50.000	1.6124	0.39143	2.5547	0.64352	1.0609	70.836	12.486	20.837	417.99	-0.041041	6.3724	0.046742	vapor
50.500	1.6124	0.38756	2.5802	0.64978	1.0713	71.043	12.486	20.835	420.06	-0.042379	6.4114	0.047043	vapor
51.000	1.6124	0.38377	2.6057	0.65603	1.0817	71.249	12.486	20.834	422.12	-0.043686	6.4503	0.047344	vapor
51.500	1.6124	0.38005	2.6312	0.66228	1.0922	71.452	12.486	20.833	424.16	-0.044963	6.4891	0.047643	vapor
52.000	1.6124	0.37641	2.6567	0.66853	1.1026	71.653	12.485	20.832	426.20	-0.046212	6.5277	0.047942	vapor
52.500	1.6124	0.37283	2.6822	0.67478	1.1130	71.853	12.485	20.831	428.23	-0.047433	6.5661	0.048240	vapor
53.000	1.6124	0.36932	2.7077	0.68103	1.1234	72.050	12.485	20.830	430.25	-0.048627	6.6044	0.048537	vapor
53.500	1.6124	0.36587	2.7332	0.68728	1.1338	72.246	12.485	20.829	432.26	-0.049794	6.6426	0.048833	vapor
54.000	1.6124	0.36249	2.7587	0.69353	1.1442	72.439	12.485	20.828	434.26	-0.050936	6.6807	0.049128	vapor
54.500	1.6124	0.35917	2.7842	0.69978	1.1547	72.631	12.485	20.827	436.25	-0.052053	6.7186	0.049423	vapor
55.000	1.6124	0.35592	2.8097	0.70603	1.1651	72.821	12.484	20.826	438.23	-0.053146	6.7564	0.049716	vapor
55.500	1.6124	0.35272	2.8351	0.71228	1.1755	73.010	12.484	20.825	440.20	-0.054216	6.7940	0.050009	vapor
56.000	1.6124	0.34957	2.8606	0.71853	1.1859	73.197	12.484	20.825	442.16	-0.055263	6.8315	0.050302	vapor
56.500	1.6124	0.34649	2.8861	0.72478	1.1963	73.382	12.484	20.824	444.12	-0.056287	6.8689	0.050593	vapor
57.000	1.6124	0.34345	2.9116	0.73102	1.2067	73.565	12.484	20.823	446.06	-0.057290	6.9062	0.050884	vapor
57.500	1.6124	0.34047	2.9371	0.73727	1.2171	73.747	12.484	20.822	448.00	-0.058272	6.9434	0.051174	vapor
58.000	1.6124	0.33755	2.9626	0.74352	1.2275	73.927	12.484	20.821	449.93	-0.059234	6.9804	0.051463	vapor
58.500	1.6124	0.33467	2.9880	0.74977	1.2379	74.106	12.483	20.821	451.85	-0.060176	7.0173	0.051752	vapor
59.000	1.6124	0.33184	3.0135	0.75602	1.2484	74.283	12.483	20.820	453.76	-0.061099	7.0541	0.052039	vapor
59.500	1.6124	0.32906	3.0390	0.76226	1.2588	74.459	12.483	20.819	455.67	-0.062003	7.0908	0.052327	vapor
60.000	1.6124	0.32632	3.0645	0.76851	1.2692	74.633	12.483	20.819	457.56	-0.062888	7.1274	0.052613	vapor
60.500	1.6124	0.32363	3.0899	0.77476	1.2796	74.806	12.483	20.818	459.45	-0.063756	7.1638	0.052899	vapor
61.000	1.6124	0.32098	3.1154	0.78100	1.2900	74.977	12.483	20.817	461.33	-0.064607	7.2002	0.053184	vapor
61.500	1.6124	0.31838	3.1409	0.78725	1.3004	75.147	12.483	20.817	463.21	-0.065440	7.2364	0.053468	vapor
62.000	1.6124	0.31582	3.1664	0.79350	1.3108	75.316	12.483	20.816	465.07	-0.066257	7.2726	0.053752	vapor
62.500	1.6124	0.31330	3.1918	0.79974	1.3212	75.483	12.482	20.815	466.93	-0.067058	7.3086	0.054035	vapor
63.000	1.6124	0.31082	3.2173	0.80599	1.3316	75.649	12.482	20.815	468.78	-0.067844	7.3445	0.054317	vapor
63.500	1.6124	0.30838	3.2428	0.81223	1.3420	75.813	12.482	20.814	470.62	-0.068614	7.3803	0.054599	vapor
64.000	1.6124	0.30597	3.2683	0.81848	1.3524	75.977	12.482	20.814	472.46	-0.069369	7.4160	0.054880	vapor
64.500	1.6124	0.30361	3.2937	0.82472	1.3628	76.139	12.482	20.813	474.29	-0.070110	7.4517	0.055161	vapor
65.000	1.6124	0.30128	3.3192	0.83097	1.3733	76.299	12.482	20.813	476.11	-0.070836	7.4872	0.055441	vapor
65.500	1.6124	0.29898	3.3447	0.83721	1.3837	76.459	12.482	20.812	477.93	-0.071549	7.5226	0.055720	vapor
66.000	1.6124	0.29672	3.3701	0.84346	1.3941	76.617	12.482	20.812	479.73	-0.072248	7.5579	0.055999	vapor
66.500	1.6124	0.29450	3.3956	0.84970	1.4045	76.774	12.482	20.811	481.54	-0.072934	7.5932	0.056277	vapor
67.000	1.6124	0.29230	3.4211	0.85595	1.4149	76.930	12.482	20.811	483.33	-0.073608	7.6283	0.056554	vapor
67.500	1.6124	0.29014	3.4466	0.86219	1.4253	77.085	12.481	20.810	485.12	-0.074268	7.6633	0.056831	vapor
68.000	1.6124	0.28802	3.4720	0.86844	1.4357	77.238	12.481	20.810	486.90	-0.074917	7.6983	0.057107	vapor
68.500	1.6124	0.28592	3.4975	0.87468	1.4461	77.391	12.481	20.809	488.67	-0.075553	7.7332	0.057383	vapor
69.000	1.6124	0.28385	3.5230	0.88092	1.4565	77.542	12.481	20.809	490.44	-0.076178	7.7679	0.057658	vapor
69.500	1.6124	0.28182	3.5484	0.88717	1.4669	77.692	12.481	20.808	492.20	-0.076792	7.8026	0.057933	vapor
70.000	1.6124	0.27981	3.5739	0.89341	1.4773	77.842	12.481	20.808	493.96	-0.077394	7.8372	0.058207	vapor
70.500	1.6124	0.27783	3.5993	0.89966	1.4877	77.990	12.481	20.808	495.71	-0.077986	7.8717	0.058480	vapor
71.000	1.6124	0.27588	3.6248	0.90590	1.4981	78.137	12.481	20.807	497.45	-0.078566	7.9062	0.058753	vapor
71.500	1.6124	0.27395	3.6503	0.91214	1.5085	78.283	12.481	20.807	499.19	-0.079137	7.9405	0.059025	vapor
72.000	1.6124	0.27205	3.6757	0.91839	1.5189	78.428	12.481	20.806	500.92	-0.079697	7.9748	0.059297	vapor
72.500	1.6124	0.27018	3.7012	0.92463	1.5293	78.572	12.481	20.806	502.64	-0.080247	8.0090	0.059568	vapor
73.000	1.6124	0.26834	3.7267	0.93087	1.5397	78.715	12.480	20.806	504.36	-0.080788	8.0431	0.059839	vapor
73.500	1.6124	0.26652	3.7521	0.93711	1.5501	78.857	12.480	20.805	506.08	-0.081319	8.0771	0.060109	vapor
74.000	1.6124	0.26472	3.7776	0.94336	1.5605	78.998	12.480	20.805	507.78	-0.081841	8.1110	0.060379	vapor
74.500	1.6124	0.26295	3.8030	0.94960	1.5709	79.138	12.480	20.805	509.49	-0.082354	8.1449	0.060648	vapor
75.000	1.6124	0.26120	3.8285	0.95584	1.5813	79.277	12.480	20.804	511.18	-0.082858	8.1787	0.060916	vapor
75.500	1.6124	0.25947	3.8540	0.96209	1.5917	79.415	12.480	20.804	512.87	-0.083353	8.2124	0.061184	vapor
76.000	1.6124	0.25777	3.8794	0.96833	1.6021	79.553	12.480	20.804	514.56	-0.083839	8.2460	0.061452	vapor
76.500	1.6124	0.25609	3.9049	0.97457	1.6125	79.689	12.480	20.803	516.24	-0.084318	8.2796	0.061719	vapor
77.000	1.6124	0.25443	3.9303	0.98081	1.6229	79.825	12.480	20.803	517.91	-0.084788	8.3130	0.061985	vapor
77.500	1.6124	0.25279	3.9558	0.98705	1.6333	79.959	12.480	20.803	519.58	-0.085250	8.3465	0.062251	vapor
78.000	1.6124	0.25118	3.9813	0.99330	1.6437	80.093	12.480	20.803	521.24	-0.085704	8.3798	0.062517	vapor
78.500	1.6124	0.24958	4.0067	0.99954	1.6541	80.226	12.480	20.802	522.90	-0.086151	8.4131	0.062782	vapor
79.000	1.6124	0.24800	4.0322	1.0058	1.6645	80.358	12.480	20.802	524.55	-0.086590	8.4463	0.063047	vapor
79.500	1.6124	0.24645	4.0576	1.0120	1.6749	80.489	12.479	20.802	526.20	-0.087022	8.4794	0.063311	vapor
80.000	1.6124	0.24491	4.0831	1.0183	1.6853	80.620	12.479	20.801	527.84	-0.087447	8.5125	0.063574	vapor
80.500	1.6124	0.24339	4.1085	1.0245	1.6957	80.749	12.479	20.801	529.48	-0.087864	8.5455	0.063837	vapor
81.000	1.6124	0.24190	4.1340	1.0307	1.7062	80.878	12.479	20.801	531.11	-0.088275	8.5784	0.064100	vapor
81.500	1.6124	0.24042	4.1595	1.0370	1.7166	81.006	12.479	20.801	532.74	-0.088679	8.6112	0.064362	vapor
82.000	1.6124	0.23895	4.1849	1.0432	1.7270	81.133	12.479	20.800	534.36	-0.089076	8.6440	0.064624	vapor
82.500	1.6124	0.23751	4.2104	1.0495	1.7374	81.260	12.479	20.800	535.97	-0.089467	8.6768	0.064885	vapor
83.000	1.6124	0.23608	4.2358	1.0557	1.7478	81.385	12.479	20.800	537.59	-0.089852	8.7094	0.065146	vapor
83.500	1.6124	0.23467	4.2613	1.0620	1.7582	81.510	12.479	20.800	539.19	-0.090230	8.7420	0.065407	vapor
84.000	1.6124	0.23328	4.2867	1.0682	1.7686	81.635	12.479	20.800	540.80	-0.090602	8.7746	0.065667	vapor
84.500	1.6124	0.23190	4.3122	1.0744	1.7790	81.758	12.479	20.799	542.39	-0.090968	8.8070	0.065926	vapor
85.000	1.6124	0.23054	4.3376	1.0807	1.7894	81.881	12.479	20.799	543.99	-0.091328	8.8394	0.066185	vapor
85.500	1.6124	0.22919	4.3631	1.0869	1.7997	82.003	12.479	20.799	545.58	-0.091683	8.8718	0.066444	vapor
86.000	1.6124	0.22787	4.3886	1.0932	1.8101	82.124	12.479	20.799	547.16	-0.092032	8.9041	0.066702	vapor
86.500	1.6124	0.22655	4.4140	1.0994	1.8205	82.244	12.479	20.798	548.74	-0.092375	8.9363	0.066960	vapor
87.000	1.6124	0.22525	4.4395	1.1056	1.8309	82.364	12.479	20.798	550.31	-0.092713	8.9685	0.067217	vapor
87.500	1.6124	0.22397	4.4649	1.1119	1.8413	82.484	12.478	20.798	551.88	-0.093045	9.0006	0.067474	vapor
88.000	1.6124	0.22270	4.4904	1.1181	1.8517	82.602	12.478	20.798	553.45	-0.093373	9.0327	0.067730	vapor
88.500	1.6124	0.22144	4.5158	1.1244	1.8621	82.720	12.478	20.798	555.01	-0.093695	9.0647	0.067986	vapor
89.000	1.6124	0.22020	4.5413	1.1306	1.8725	82.837	12.478	20.797	556.57	-0.094012	9.0966	0.068242	vapor
89.500	1.6124	0.21898	4.5667	1.1368	1.8829	82.954	12.478	20.797	558.12	-0.094324	9.1285	0.068497	vapor
90.000	1.6124	0.21776	4.5922	1.1431	1.8933	83.069	12.478	20.797	559.67	-0.094632	9.1603	0.068752	vapor
90.500	1.6124	0.21656	4.6176	1.1493	1.9037	83.185	12.478	20.797	561.21	-0.094934	9.1921	0.069007	vapor
91.000	1.6124	0.21537	4.6431	1.1556	1.9141	83.299	12.478	20.797	562.75	-0.095232	9.2238	0.069261	vapor
91.500	1.6124	0.21420	4.6685	1.1618	1.9245	83.413	12.478	20.797	564.29	-0.095525	9.2555	0.069514	vapor
92.000	1.6124	0.21304	4.6940	1.1680	1.9349	83.527	12.478	20.796	565.82	-0.095814	9.2871	0.069767	vapor
92.500	1.6124	0.21189	4.7194	1.1743	1.9453	83.639	12.478	20.796	567.35	-0.096098	9.3186	0.070020	vapor
93.000	1.6124	0.21075	4.7449	1.1805	1.9557	83.751	12.478	20.796	568.87	-0.096378	9.3501	0.070273	vapor
93.500	1.6124	0.20963	4.7703	1.1868	1.9661	83.863	12.478	20.796	570.39	-0.096654	9.3816	0.070525	vapor
94.000	1.6124	0.20852	4.7958	1.1930	1.9765	83.974	12.478	20.796	571.90	-0.096926	9.4130	0.070776	vapor
94.500	1.6124	0.20742	4.8212	1.1992	1.9869	84.084	12.478	20.796	573.41	-0.097193	9.4443	0.071028	vapor
95.000	1.6124	0.20633	4.8467	1.2055	1.9973	84.194	12.478	20.795	574.92	-0.097457	9.4756	0.071278	vapor
95.500	1.6124	0.20525	4.8721	1.2117	2.0077	84.303	12.478	20.795	576.42	-0.097716	9.5069	0.071529	vapor
96.000	1.6124	0.20418	4.8976	1.2180	2.0181	84.412	12.478	20.795	577.92	-0.097972	9.5381	0.071779	vapor
96.500	1.6124	0.20313	4.9230	1.2242	2.0285	84.520	12.478	20.795	579.42	-0.098223	9.5692	0.072029	vapor
97.000	1.6124	0.20208	4.9485	1.2304	2.0389	84.627	12.478	20.795	580.91	-0.098471	9.6003	0.072278	vapor
97.500	1.6124	0.20105	4.9739	1.2367	2.0493	84.734	12.477	20.795	582.40	-0.098715	9.6314	0.072527	vapor
98.000	1.6124	0.20002	4.9994	1.2429	2.0597	84.840	12.477	20.795	583.88	-0.098956	9.6624	0.072776	vapor
98.500	1.6124	0.19901	5.0248	1.2492	2.0701	84.946	12.477	20.795	585.36	-0.099193	9.6934	0.073024	vapor
99.000	1.6124	0.19801	5.0503	1.2554	2.0805	85.051	12.477	20.794	586.84	-0.099427	9.7243	0.073272	vapor
99.500	1.6124	0.19702	5.0757	1.2616	2.0909	85.156	12.477	20.794	588.31	-0.099657	9.7551	0.073520	vapor
100.00	1.6124	0.19603	5.1012	1.2679	2.1013	85.260	12.477	20.794	589.78	-0.099883	9.7860	0.073767	vapor
100.50	1.6124	0.19506	5.1266	1.2741	2.1117	85.364	12.477	20.794	591.25	-0.10011	9.8069	0.074014	vapor
101.00	1.6124	0.19410	5.1521	1.2804	2.1221	85.467	12.477	20.794	592.71	-0.10033	9.8279	0.074260	vapor
101.50	1.6124	0.19314	5.1775	1.2866	2.1325	85.570	12.477	20.794	594.16	-0.10054	9.8488	0.074506	vapor
102.00	1.6124	0.19220	5.2030	1.2928	2.1429	85.672	12.477	20.794	595.62	-0.10076	9.8697	0.074752	vapor
102.50	1.6124	0.19126	5.2284	1.2991	2.1533	85.774	12.477	20.794	597.07	-0.10097	9.8907	0.074998	vapor
103.00	1.6124	0.19034	5.2539	1.3053	2.1637	85.875	12.477	20.793	598.52	-0.10118	9.9116	0.075243	vapor
103.50	1.6124	0.18942	5.2793	1.3116	2.1741	85.976	12.477	20.793	599.96	-0.10138	9.9325	0.075487	vapor
104.00	1.6124	0.18851	5.3048	1.3178	2.1845	86.076	12.477	20.793	601.40	-0.10158	9.9535	0.075732	vapor
104.50	1.6124	0.18761	5.3302	1.3240	2.1949	86.176	12.477	20.793	602.84	-0.10178	9.9744	0.075976	vapor
105.00	1.6124	0.18672	5.3557	1.3303	2.2053	86.275	12.477	20.793	604.27	-0.10198	9.9953	0.076220	vapor
105.50	1.6124	0.18583	5.3811	1.3365	2.2157	86.374	12.477	20.793	605.70	-0.10217	10.016	0.076463	vapor
106.00	1.6124	0.18496	5.4066	1.3427	2.2261	86.472	12.477	20.793	607.13	-0.10236	10.037	0.076706	vapor
106.50	1.6124	0.18409	5.4320	1.3490	2.2365	86.570	12.477	20.793	608.55	-0.10255	10.058	0.076949	vapor
107.00	1.6124	0.18324	5.4575	1.3552	2.2468	86.667	12.477	20.793	609.97	-0.10273	10.079	0.077191	vapor
107.50	1.6124	0.18238	5.4829	1.3615	2.2572	86.764	12.477	20.792	611.39	-0.10291	10.100	0.077433	vapor
108.00	1.6124	0.18154	5.5084	1.3677	2.2676	86.861	12.477	20.792	612.80	-0.10309	10.121	0.077675	vapor
108.50	1.6124	0.18071	5.5338	1.3739	2.2780	86.957	12.477	20.792	614.21	-0.10327	10.141	0.077917	vapor
109.00	1.6124	0.17988	5.5593	1.3802	2.2884	87.052	12.477	20.792	615.62	-0.10344	10.162	0.078158	vapor
109.50	1.6124	0.17906	5.5847	1.3864	2.2988	87.148	12.477	20.792	617.02	-0.10362	10.183	0.078399	vapor
110.00	1.6124	0.17825	5.6101	1.3927	2.3092	87.242	12.477	20.792	618.42	-0.10378	10.204	0.078639	vapor
110.50	1.6124	0.17744	5.6356	1.3989	2.3196	87.337	12.477	20.792	619.82	-0.10395	10.234	0.078879	vapor
111.00	1.6124	0.17665	5.6610	1.4051	2.3300	87.430	12.476	20.792	621.22	-0.10412	10.264	0.079119	vapor
111.50	1.6124	0.17586	5.6865	1.4114	2.3404	87.524	12.476	20.792	622.61	-0.10428	10.294	0.079359	vapor
112.00	1.6124	0.17507	5.7119	1.4176	2.3508	87.617	12.476	20.792	624.00	-0.10444	10.325	0.079598	vapor
112.50	1.6124	0.17430	5.7374	1.4238	2.3612	87.710	12.476	20.792	625.38	-0.10460	10.355	0.079837	vapor
113.00	1.6124	0.17353	5.7628	1.4301	2.3716	87.802	12.476	20.792	626.76	-0.10475	10.385	0.080076	vapor
113.50	1.6124	0.17276	5.7883	1.4363	2.3820	87.894	12.476	20.791	628.14	-0.10491	10.415	0.080314	vapor
114.00	1.6124	0.17201	5.8137	1.4426	2.3924	87.985	12.476	20.791	629.52	-0.10506	10.445	0.080552	vapor
114.50	1.6124	0.17126	5.8392	1.4488	2.4028	88.076	12.476	20.791	630.89	-0.10521	10.474	0.080790	vapor
115.00	1.6124	0.17051	5.8646	1.4550	2.4132	88.166	12.476	20.791	632.26	-0.10535	10.504	0.081027	vapor
115.50	1.6124	0.16978	5.8901	1.4613	2.4236	88.257	12.476	20.791	633.63	-0.10550	10.534	0.081264	vapor
116.00	1.6124	0.16905	5.9155	1.4675	2.4340	88.346	12.476	20.791	634.99	-0.10564	10.564	0.081501	vapor
116.50	1.6124	0.16832	5.9410	1.4738	2.4444	88.436	12.476	20.791	636.35	-0.10578	10.594	0.081738	vapor
117.00	1.6124	0.16761	5.9664	1.4800	2.4548	88.525	12.476	20.791	637.71	-0.10592	10.623	0.081974	vapor
117.50	1.6124	0.16689	5.9918	1.4862	2.4652	88.614	12.476	20.791	639.07	-0.10606	10.653	0.082210	vapor
118.00	1.6124	0.16619	6.0173	1.4925	2.4756	88.702	12.476	20.791	640.42	-0.10619	10.683	0.082445	vapor
118.50	1.6124	0.16549	6.0427	1.4987	2.4860	88.790	12.476	20.791	641.77	-0.10633	10.712	0.082681	vapor
119.00	1.6124	0.16479	6.0682	1.5049	2.4963	88.877	12.476	20.791	643.12	-0.10646	10.742	0.082916	vapor
119.50	1.6124	0.16411	6.0936	1.5112	2.5067	88.965	12.476	20.791	644.46	-0.10659	10.771	0.083151	vapor
120.00	1.6124	0.16342	6.1191	1.5174	2.5171	89.051	12.476	20.790	645.80	-0.10671	10.801	0.083385	vapor
120.50	1.6124	0.16275	6.1445	1.5237	2.5275	89.138	12.476	20.790	647.14	-0.10684	10.830	0.083620	vapor
121.00	1.6124	0.16208	6.1700	1.5299	2.5379	89.224	12.476	20.790	648.47	-0.10697	10.860	0.083854	vapor
121.50	1.6124	0.16141	6.1954	1.5361	2.5483	89.310	12.476	20.790	649.81	-0.10709	10.889	0.084087	vapor
122.00	1.6124	0.16075	6.2209	1.5424	2.5587	89.395	12.476	20.790	651.14	-0.10721	10.918	0.084321	vapor
122.50	1.6124	0.16009	6.2463	1.5486	2.5691	89.480	12.476	20.790	652.46	-0.10733	10.948	0.084554	vapor
123.00	1.6124	0.15945	6.2717	1.5548	2.5795	89.565	12.476	20.790	653.79	-0.10745	10.977	0.084787	vapor
123.50	1.6124	0.15880	6.2972	1.5611	2.5899	89.649	12.476	20.790	655.11	-0.10756	11.006	0.085019	vapor
124.00	1.6124	0.15816	6.3226	1.5673	2.6003	89.733	12.476	20.790	656.43	-0.10768	11.035	0.085252	vapor
124.50	1.6124	0.15753	6.3481	1.5736	2.6107	89.817	12.476	20.790	657.75	-0.10779	11.064	0.085484	vapor
125.00	1.6124	0.15690	6.3735	1.5798	2.6211	89.900	12.476	20.790	659.06	-0.10790	11.093	0.085715	vapor
125.50	1.6124	0.15628	6.3990	1.5860	2.6315	89.983	12.476	20.790	660.37	-0.10801	11.123	0.085947	vapor
126.00	1.6124	0.15566	6.4244	1.5923	2.6419	90.066	12.476	20.790	661.68	-0.10812	11.152	0.086178	vapor
126.50	1.6124	0.15504	6.4499	1.5985	2.6523	90.148	12.476	20.790	662.99	-0.10822	11.181	0.086409	vapor
127.00	1.6124	0.15443	6.4753	1.6048	2.6627	90.230	12.476	20.790	664.29	-0.10833	11.210	0.086640	vapor
127.50	1.6124	0.15383	6.5007	1.6110	2.6731	90.312	12.476	20.790	665.59	-0.10843	11.238	0.086870	vapor
128.00	1.6124	0.15323	6.5262	1.6172	2.6835	90.393	12.476	20.790	666.89	-0.10853	11.267	0.087100	vapor
128.50	1.6124	0.15263	6.5516	1.6235	2.6939	90.474	12.476	20.789	668.19	-0.10864	11.296	0.087330	vapor
129.00	1.6124	0.15204	6.5771	1.6297	2.7042	90.555	12.476	20.789	669.48	-0.10874	11.325	0.087560	vapor
129.50	1.6124	0.15146	6.6025	1.6359	2.7146	90.635	12.475	20.789	670.77	-0.10883	11.354	0.087790	vapor
130.00	1.6124	0.15088	6.6280	1.6422	2.7250	90.715	12.475	20.789	672.06	-0.10893	11.383	0.088019	vapor
130.50	1.6124	0.15030	6.6534	1.6484	2.7354	90.795	12.475	20.789	673.35	-0.10903	11.411	0.088248	vapor
131.00	1.6124	0.14973	6.6789	1.6547	2.7458	90.875	12.475	20.789	674.63	-0.10912	11.440	0.088476	vapor
131.50	1.6124	0.14916	6.7043	1.6609	2.7562	90.954	12.475	20.789	675.91	-0.10921	11.469	0.088705	vapor
132.00	1.6124	0.14859	6.7297	1.6671	2.7666	91.033	12.475	20.789	677.19	-0.10930	11.497	0.088933	vapor
132.50	1.6124	0.14803	6.7552	1.6734	2.7770	91.111	12.475	20.789	678.47	-0.10939	11.526	0.089161	vapor
133.00	1.6124	0.14748	6.7806	1.6796	2.7874	91.190	12.475	20.789	679.74	-0.10948	11.554	0.089388	vapor
133.50	1.6124	0.14693	6.8061	1.6858	2.7978	91.268	12.475	20.789	681.01	-0.10957	11.583	0.089616	vapor
134.00	1.6124	0.14638	6.8315	1.6921	2.8082	91.345	12.475	20.789	682.28	-0.10966	11.611	0.089843	vapor
134.50	1.6124	0.14584	6.8570	1.6983	2.8186	91.423	12.475	20.789	683.55	-0.10974	11.640	0.090070	vapor
135.00	1.6124	0.14530	6.8824	1.7046	2.8290	91.500	12.475	20.789	684.81	-0.10983	11.668	0.090297	vapor
135.50	1.6124	0.14476	6.9079	1.7108	2.8394	91.577	12.475	20.789	686.08	-0.10991	11.697	0.090523	vapor
136.00	1.6124	0.14423	6.9333	1.7170	2.8498	91.653	12.475	20.789	687.34	-0.10999	11.725	0.090749	vapor
136.50	1.6124	0.14370	6.9587	1.7233	2.8602	91.730	12.475	20.789	688.59	-0.11007	11.753	0.090975	vapor
137.00	1.6124	0.14318	6.9842	1.7295	2.8706	91.806	12.475	20.789	689.85	-0.11015	11.782	0.091201	vapor
137.50	1.6124	0.14266	7.0096	1.7357	2.8810	91.881	12.475	20.789	691.10	-0.11023	11.810	0.091426	vapor
138.00	1.6124	0.14214	7.0351	1.7420	2.8913	91.957	12.475	20.789	692.35	-0.11031	11.838	0.091652	vapor
138.50	1.6124	0.14163	7.0605	1.7482	2.9017	92.032	12.475	20.789	693.60	-0.11039	11.867	0.091877	vapor
139.00	1.6124	0.14112	7.0860	1.7545	2.9121	92.107	12.475	20.789	694.85	-0.11046	11.895	0.092101	vapor
139.50	1.6124	0.14062	7.1114	1.7607	2.9225	92.182	12.475	20.789	696.09	-0.11054	11.923	0.092326	vapor
140.00	1.6124	0.14012	7.1368	1.7669	2.9329	92.256	12.475	20.788	697.33	-0.11061	11.951	0.092550	vapor
140.50	1.6124	0.13962	7.1623	1.7732	2.9433	92.330	12.475	20.788	698.57	-0.11068	11.979	0.092774	vapor
141.00	1.6124	0.13913	7.1877	1.7794	2.9537	92.404	12.475	20.788	699.81	-0.11075	12.007	0.092998	vapor
141.50	1.6124	0.13864	7.2132	1.7856	2.9641	92.478	12.475	20.788	701.05	-0.11082	12.035	0.093222	vapor
142.00	1.6124	0.13815	7.2386	1.7919	2.9745	92.551	12.475	20.788	702.28	-0.11089	12.063	0.093445	vapor
142.50	1.6124	0.13766	7.2641	1.7981	2.9849	92.624	12.475	20.788	703.51	-0.11096	12.091	0.093668	vapor
143.00	1.6124	0.13718	7.2895	1.8043	2.9953	92.697	12.475	20.788	704.74	-0.11103	12.119	0.093891	vapor
143.50	1.6124	0.13671	7.3150	1.8106	3.0057	92.769	12.475	20.788	705.96	-0.11109	12.147	0.094114	vapor
144.00	1.6124	0.13623	7.3404	1.8168	3.0161	92.842	12.475	20.788	707.19	-0.11116	12.175	0.094336	vapor
144.50	1.6124	0.13576	7.3658	1.8231	3.0265	92.914	12.475	20.788	708.41	-0.11122	12.203	0.094559	vapor
145.00	1.6124	0.13529	7.3913	1.8293	3.0369	92.986	12.475	20.788	709.63	-0.11129	12.231	0.094781	vapor
145.50	1.6124	0.13483	7.4167	1.8355	3.0473	93.057	12.475	20.788	710.85	-0.11135	12.258	0.095003	vapor
146.00	1.6124	0.13437	7.4422	1.8418	3.0577	93.128	12.475	20.788	712.07	-0.11141	12.286	0.095224	vapor
146.50	1.6124	0.13391	7.4676	1.8480	3.0680	93.199	12.475	20.788	713.28	-0.11147	12.314	0.095446	vapor
147.00	1.6124	0.13346	7.4931	1.8542	3.0784	93.270	12.475	20.788	714.49	-0.11153	12.342	0.095667	vapor
147.50	1.6124	0.13301	7.5185	1.8605	3.0888	93.341	12.475	20.788	715.70	-0.11159	12.369	0.095888	vapor
148.00	1.6124	0.13256	7.5439	1.8667	3.0992	93.411	12.475	20.788	716.91	-0.11165	12.397	0.096108	vapor
148.50	1.6124	0.13211	7.5694	1.8730	3.1096	93.481	12.475	20.788	718.12	-0.11171	12.425	0.096329	vapor
149.00	1.6124	0.13167	7.5948	1.8792	3.1200	93.551	12.475	20.788	719.32	-0.11177	12.452	0.096549	vapor
149.50	1.6124	0.13123	7.6203	1.8854	3.1304	93.621	12.475	20.788	720.52	-0.11182	12.480	0.096769	vapor
150.00	1.6124	0.13079	7.6457	1.8917	3.1408	93.690	12.475	20.788	721.72	-0.11188	12.508	0.096989	vapor
150.50	1.6124	0.13036	7.6712	1.8979	3.1512	93.759	12.475	20.788	722.92	-0.11193	12.535	0.097209	vapor
151.00	1.6124	0.12993	7.6966	1.9041	3.1616	93.828	12.475	20.788	724.11	-0.11199	12.563	0.097428	vapor
151.50	1.6124	0.12950	7.7220	1.9104	3.1720	93.897	12.475	20.788	725.31	-0.11204	12.590	0.097648	vapor
152.00	1.6124	0.12907	7.7475	1.9166	3.1824	93.966	12.475	20.788	726.50	-0.11209	12.617	0.097867	vapor
152.50	1.6124	0.12865	7.7729	1.9229	3.1928	94.034	12.475	20.788	727.69	-0.11214	12.645	0.098085	vapor
153.00	1.6124	0.12823	7.7984	1.9291	3.2032	94.102	12.475	20.788	728.88	-0.11219	12.672	0.098304	vapor
153.50	1.6124	0.12781	7.8238	1.9353	3.2136	94.170	12.475	20.788	730.06	-0.11224	12.700	0.098522	vapor
154.00	1.6124	0.12740	7.8493	1.9416	3.2240	94.237	12.475	20.788	731.25	-0.11229	12.727	0.098741	vapor
154.50	1.6124	0.12699	7.8747	1.9478	3.2344	94.305	12.475	20.788	732.43	-0.11234	12.754	0.098959	vapor
155.00	1.6124	0.12658	7.9002	1.9540	3.2447	94.372	12.475	20.788	733.61	-0.11239	12.782	0.099176	vapor
155.50	1.6124	0.12617	7.9256	1.9603	3.2551	94.439	12.475	20.788	734.79	-0.11244	12.809	0.099394	vapor
156.00	1.6124	0.12577	7.9510	1.9665	3.2655	94.506	12.475	20.787	735.97	-0.11248	12.836	0.099611	vapor
156.50	1.6124	0.12537	7.9765	1.9728	3.2759	94.572	12.475	20.787	737.14	-0.11253	12.863	0.099829	vapor
157.00	1.6124	0.12497	8.0019	1.9790	3.2863	94.638	12.475	20.787	738.31	-0.11257	12.891	0.10005	vapor
157.50	1.6124	0.12457	8.0274	1.9852	3.2967	94.704	12.474	20.787	739.48	-0.11262	12.918	0.10026	vapor
158.00	1.6124	0.12418	8.0528	1.9915	3.3071	94.770	12.474	20.787	740.65	-0.11266	12.945	0.10048	vapor
158.50	1.6124	0.12379	8.0783	1.9977	3.3175	94.836	12.474	20.787	741.82	-0.11270	12.972	0.10070	vapor
159.00	1.6124	0.12340	8.1037	2.0039	3.3279	94.902	12.474	20.787	742.99	-0.11275	12.999	0.10091	vapor
159.50	1.6124	0.12301	8.1291	2.0102	3.3383	94.967	12.474	20.787	744.15	-0.11279	13.026	0.10113	vapor
160.00	1.6124	0.12263	8.1546	2.0164	3.3487	95.032	12.474	20.787	745.31	-0.11283	13.053	0.10134	vapor
160.50	1.6124	0.12225	8.1800	2.0226	3.3591	95.097	12.474	20.787	746.47	-0.11287	13.080	0.10156	vapor
161.00	1.6124	0.12187	8.2055	2.0289	3.3695	95.161	12.474	20.787	747.63	-0.11291	13.107	0.10177	vapor
161.50	1.6124	0.12149	8.2309	2.0351	3.3799	95.226	12.474	20.787	748.79	-0.11295	13.134	0.10199	vapor
162.00	1.6124	0.12112	8.2564	2.0414	3.3903	95.290	12.474	20.787	749.94	-0.11299	13.161	0.10220	vapor
162.50	1.6124	0.12075	8.2818	2.0476	3.4007	95.354	12.474	20.787	751.09	-0.11303	13.188	0.10242	vapor
163.00	1.6124	0.12038	8.3072	2.0538	3.4110	95.418	12.474	20.787	752.24	-0.11306	13.215	0.10263	vapor
163.50	1.6124	0.12001	8.3327	2.0601	3.4214	95.482	12.474	20.787	753.39	-0.11310	13.242	0.10285	vapor
164.00	1.6124	0.11964	8.3581	2.0663	3.4318	95.545	12.474	20.787	754.54	-0.11314	13.269	0.10306	vapor
164.50	1.6124	0.11928	8.3836	2.0725	3.4422	95.608	12.474	20.787	755.69	-0.11317	13.296	0.10328	vapor
165.00	1.6124	0.11892	8.4090	2.0788	3.4526	95.672	12.474	20.787	756.83	-0.11321	13.323	0.10349	vapor
165.50	1.6124	0.11856	8.4345	2.0850	3.4630	95.734	12.474	20.787	757.97	-0.11324	13.349	0.10370	vapor
166.00	1.6124	0.11820	8.4599	2.0912	3.4734	95.797	12.474	20.787	759.11	-0.11328	13.376	0.10392	vapor
166.50	1.6124	0.11785	8.4853	2.0975	3.4838	95.860	12.474	20.787	760.25	-0.11331	13.403	0.10413	vapor
167.00	1.6124	0.11750	8.5108	2.1037	3.4942	95.922	12.474	20.787	761.39	-0.11334	13.430	0.10434	vapor
167.50	1.6124	0.11715	8.5362	2.1100	3.5046	95.984	12.474	20.787	762.53	-0.11338	13.456	0.10456	vapor
168.00	1.6124	0.11680	8.5617	2.1162	3.5150	96.046	12.474	20.787	763.66	-0.11341	13.483	0.10477	vapor
168.50	1.6124	0.11645	8.5871	2.1224	3.5254	96.108	12.474	20.787	764.79	-0.11344	13.510	0.10498	vapor
169.00	1.6124	0.11611	8.6125	2.1287	3.5358	96.169	12.474	20.787	765.92	-0.11347	13.536	0.10519	vapor
169.50	1.6124	0.11577	8.6380	2.1349	3.5462	96.231	12.474	20.787	767.05	-0.11350	13.563	0.10541	vapor
170.00	1.6124	0.11543	8.6634	2.1411	3.5566	96.292	12.474	20.787	768.18	-0.11353	13.589	0.10562	vapor
170.50	1.6124	0.11509	8.6889	2.1474	3.5669	96.353	12.474	20.787	769.30	-0.11356	13.616	0.10583	vapor
171.00	1.6124	0.11475	8.7143	2.1536	3.5773	96.414	12.474	20.787	770.43	-0.11359	13.643	0.10604	vapor
171.50	1.6124	0.11442	8.7398	2.1599	3.5877	96.475	12.474	20.787	771.55	-0.11362	13.669	0.10625	vapor
172.00	1.6124	0.11409	8.7652	2.1661	3.5981	96.535	12.474	20.787	772.67	-0.11365	13.696	0.10647	vapor
172.50	1.6124	0.11376	8.7906	2.1723	3.6085	96.596	12.474	20.787	773.79	-0.11368	13.722	0.10668	vapor
173.00	1.6124	0.11343	8.8161	2.1786	3.6189	96.656	12.474	20.787	774.91	-0.11370	13.748	0.10689	vapor
173.50	1.6124	0.11310	8.8415	2.1848	3.6293	96.716	12.474	20.787	776.02	-0.11373	13.775	0.10710	vapor
174.00	1.6124	0.11278	8.8670	2.1910	3.6397	96.776	12.474	20.787	777.14	-0.11376	13.801	0.10731	vapor
174.50	1.6124	0.11246	8.8924	2.1973	3.6501	96.835	12.474	20.787	778.25	-0.11378	13.828	0.10752	vapor
175.00	1.6124	0.11213	8.9179	2.2035	3.6605	96.895	12.474	20.787	779.36	-0.11381	13.854	0.10773	vapor
175.50	1.6124	0.11182	8.9433	2.2097	3.6709	96.954	12.474	20.787	780.47	-0.11383	13.880	0.10794	vapor
176.00	1.6124	0.11150	8.9687	2.2160	3.6813	97.013	12.474	20.787	781.58	-0.11386	13.907	0.10815	vapor
176.50	1.6124	0.11118	8.9942	2.2222	3.6917	97.072	12.474	20.787	782.68	-0.11388	13.933	0.10836	vapor
177.00	1.6124	0.11087	9.0196	2.2285	3.7021	97.131	12.474	20.787	783.79	-0.11391	13.959	0.10857	vapor
177.50	1.6124	0.11056	9.0451	2.2347	3.7125	97.189	12.474	20.787	784.89	-0.11393	13.986	0.10878	vapor
178.00	1.6124	0.11025	9.0705	2.2409	3.7228	97.248	12.474	20.787	785.99	-0.11395	14.012	0.10899	vapor
178.50	1.6124	0.10994	9.0960	2.2472	3.7332	97.306	12.474	20.787	787.09	-0.11397	14.038	0.10920	vapor
179.00	1.6124	0.10963	9.1214	2.2534	3.7436	97.364	12.474	20.787	788.19	-0.11400	14.064	0.10941	vapor
179.50	1.6124	0.10933	9.1468	2.2596	3.7540	97.422	12.474	20.787	789.29	-0.11402	14.090	0.10961	vapor
180.00	1.6124	0.10902	9.1723	2.2659	3.7644	97.480	12.474	20.787	790.38	-0.11404	14.117	0.10982	vapor
180.50	1.6124	0.10872	9.1977	2.2721	3.7748	97.538	12.474	20.787	791.48	-0.11406	14.143	0.11003	vapor
181.00	1.6124	0.10842	9.2232	2.2783	3.7852	97.595	12.474	20.787	792.57	-0.11408	14.169	0.11024	vapor
181.50	1.6124	0.10812	9.2486	2.2846	3.7956	97.653	12.474	20.787	793.66	-0.11410	14.195	0.11045	vapor
182.00	1.6124	0.10783	9.2741	2.2908	3.8060	97.710	12.474	20.786	794.75	-0.11412	14.221	0.11066	vapor
182.50	1.6124	0.10753	9.2995	2.2971	3.8164	97.767	12.474	20.786	795.84	-0.11414	14.247	0.11086	vapor
183.00	1.6124	0.10724	9.3249	2.3033	3.8268	97.824	12.474	20.786	796.93	-0.11416	14.273	0.11107	vapor
183.50	1.6124	0.10695	9.3504	2.3095	3.8372	97.881	12.474	20.786	798.01	-0.11418	14.299	0.11128	vapor
184.00	1.6124	0.10666	9.3758	2.3158	3.8476	97.937	12.474	20.786	799.09	-0.11420	14.325	0.11149	vapor
184.50	1.6124	0.10637	9.4013	2.3220	3.8580	97.993	12.474	20.786	800.18	-0.11421	14.351	0.11169	vapor
185.00	1.6124	0.10608	9.4267	2.3282	3.8684	98.050	12.474	20.786	801.26	-0.11423	14.377	0.11190	vapor
185.50	1.6124	0.10580	9.4522	2.3345	3.8787	98.106	12.474	20.786	802.34	-0.11425	14.403	0.11211	vapor
186.00	1.6124	0.10551	9.4776	2.3407	3.8891	98.162	12.474	20.786	803.41	-0.11427	14.429	0.11231	vapor
186.50	1.6124	0.10523	9.5030	2.3470	3.8995	98.218	12.474	20.786	804.49	-0.11428	14.455	0.11252	vapor
187.00	1.6124	0.10495	9.5285	2.3532	3.9099	98.273	12.474	20.786	805.56	-0.11430	14.481	0.11273	vapor
187.50	1.6124	0.10467	9.5539	2.3594	3.9203	98.329	12.474	20.786	806.64	-0.11431	14.507	0.11293	vapor
188.00	1.6124	0.10439	9.5794	2.3657	3.9307	98.384	12.474	20.786	807.71	-0.11433	14.532	0.11314	vapor
188.50	1.6124	0.10411	9.6048	2.3719	3.9411	98.439	12.474	20.786	808.78	-0.11435	14.558	0.11334	vapor
189.00	1.6124	0.10384	9.6302	2.3781	3.9515	98.494	12.474	20.786	809.85	-0.11436	14.584	0.11355	vapor
189.50	1.6124	0.10357	9.6557	2.3844	3.9619	98.549	12.474	20.786	810.92	-0.11438	14.610	0.11375	vapor
190.00	1.6124	0.10329	9.6811	2.3906	3.9723	98.604	12.474	20.786	811.98	-0.11439	14.636	0.11396	vapor
190.50	1.6124	0.10302	9.7066	2.3968	3.9827	98.659	12.474	20.786	813.05	-0.11440	14.661	0.11416	vapor
191.00	1.6124	0.10275	9.7320	2.4031	3.9931	98.713	12.474	20.786	814.11	-0.11442	14.687	0.11437	vapor
191.50	1.6124	0.10249	9.7575	2.4093	4.0035	98.768	12.474	20.786	815.17	-0.11443	14.713	0.11457	vapor
192.00	1.6124	0.10222	9.7829	2.4156	4.0139	98.822	12.474	20.786	816.23	-0.11444	14.738	0.11478	vapor
192.50	1.6124	0.10195	9.8083	2.4218	4.0243	98.876	12.474	20.786	817.29	-0.11446	14.764	0.11498	vapor
193.00	1.6124	0.10169	9.8338	2.4280	4.0346	98.930	12.474	20.786	818.35	-0.11447	14.790	0.11519	vapor
193.50	1.6124	0.10143	9.8592	2.4343	4.0450	98.983	12.474	20.786	819.41	-0.11448	14.815	0.11539	vapor
194.00	1.6124	0.10117	9.8847	2.4405	4.0554	99.037	12.474	20.786	820.46	-0.11449	14.841	0.11560	vapor
194.50	1.6124	0.10091	9.9101	2.4467	4.0658	99.091	12.474	20.786	821.52	-0.11450	14.867	0.11580	vapor
195.00	1.6124	0.10065	9.9356	2.4530	4.0762	99.144	12.474	20.786	822.57	-0.11452	14.892	0.11600	vapor
195.50	1.6124	0.10039	9.9610	2.4592	4.0866	99.197	12.474	20.786	823.62	-0.11453	14.918	0.11621	vapor
196.00	1.6124	0.10014	9.9864	2.4654	4.0970	99.250	12.474	20.786	824.67	-0.11454	14.943	0.11641	vapor
196.50	1.6124	0.099881	10.012	2.4717	4.1074	99.303	12.474	20.786	825.72	-0.11455	14.969	0.11661	vapor
197.00	1.6124	0.099628	10.037	2.4779	4.1178	99.356	12.474	20.786	826.77	-0.11456	14.994	0.11682	vapor
197.50	1.6124	0.099376	10.063	2.4842	4.1282	99.409	12.474	20.786	827.81	-0.11457	15.020	0.11702	vapor
198.00	1.6124	0.099126	10.088	2.4904	4.1386	99.461	12.474	20.786	828.86	-0.11458	15.045	0.11722	vapor
198.50	1.6124	0.098876	10.114	2.4966	4.1490	99.514	12.474	20.786	829.90	-0.11459	15.071	0.11743	vapor
199.00	1.6124	0.098628	10.139	2.5029	4.1594	99.566	12.474	20.786	830.94	-0.11460	15.096	0.11763	vapor
199.50	1.6124	0.098381	10.165	2.5091	4.1698	99.618	12.474	20.786	831.98	-0.11460	15.122	0.11783	vapor
200.00	1.6124	0.098136	10.190	2.5153	4.1801	99.670	12.474	20.786	833.02	-0.11461	15.147	0.11803	vapor
200.50	1.6124	0.097891	10.215	2.5216	4.1905	99.722	12.474	20.786	834.06	-0.11462	15.172	0.11823	vapor
201.00	1.6124	0.097648	10.241	2.5278	4.2009	99.774	12.474	20.786	835.10	-0.11463	15.198	0.11844	vapor
201.50	1.6124	0.097406	10.266	2.5340	4.2113	99.826	12.474	20.786	836.13	-0.11464	15.223	0.11864	vapor
202.00	1.6124	0.097165	10.292	2.5403	4.2217	99.877	12.474	20.786	837.17	-0.11465	15.248	0.11884	vapor
202.50	1.6124	0.096926	10.317	2.5465	4.2321	99.928	12.474	20.786	838.20	-0.11465	15.274	0.11904	vapor
203.00	1.6124	0.096687	10.343	2.5528	4.2425	99.980	12.474	20.786	839.23	-0.11466	15.299	0.11924	vapor
203.50	1.6124	0.096450	10.368	2.5590	4.2529	100.03	12.474	20.786	840.26	-0.11467	15.324	0.11944	vapor
204.00	1.6124	0.096214	10.394	2.5652	4.2633	100.08	12.474	20.786	841.29	-0.11467	15.350	0.11965	vapor
204.50	1.6124	0.095979	10.419	2.5715	4.2737	100.13	12.474	20.786	842.32	-0.11468	15.375	0.11985	vapor
205.00	1.6124	0.095745	10.444	2.5777	4.2841	100.18	12.474	20.786	843.35	-0.11469	15.400	0.12005	vapor
205.50	1.6124	0.095512	10.470	2.5839	4.2945	100.23	12.474	20.786	844.37	-0.11469	15.425	0.12025	vapor
206.00	1.6124	0.095281	10.495	2.5902	4.3049	100.28	12.474	20.786	845.39	-0.11470	15.450	0.12045	vapor
206.50	1.6124	0.095050	10.521	2.5964	4.3153	100.34	12.474	20.786	846.42	-0.11470	15.476	0.12065	vapor
207.00	1.6124	0.094821	10.546	2.6026	4.3256	100.39	12.473	20.786	847.44	-0.11471	15.501	0.12085	vapor
207.50	1.6124	0.094593	10.572	2.6089	4.3360	100.44	12.473	20.786	848.46	-0.11471	15.526	0.12105	vapor
208.00	1.6124	0.094366	10.597	2.6151	4.3464	100.49	12.473	20.786	849.48	-0.11472	15.551	0.12125	vapor
208.50	1.6124	0.094140	10.622	2.6214	4.3568	100.54	12.473	20.786	850.50	-0.11472	15.576	0.12145	vapor
209.00	1.6124	0.093915	10.648	2.6276	4.3672	100.59	12.473	20.786	851.51	-0.11473	15.601	0.12165	vapor
209.50	1.6124	0.093691	10.673	2.6338	4.3776	100.63	12.473	20.786	852.53	-0.11473	15.626	0.12185	vapor
210.00	1.6124	0.093468	10.699	2.6401	4.3880	100.68	12.473	20.786	853.54	-0.11474	15.651	0.12205	vapor
210.50	1.6124	0.093246	10.724	2.6463	4.3984	100.73	12.473	20.786	854.56	-0.11474	15.676	0.12225	vapor
211.00	1.6124	0.093026	10.750	2.6525	4.4088	100.78	12.473	20.786	855.57	-0.11474	15.701	0.12245	vapor
211.50	1.6124	0.092806	10.775	2.6588	4.4192	100.83	12.473	20.786	856.58	-0.11475	15.726	0.12265	vapor
212.00	1.6124	0.092587	10.801	2.6650	4.4296	100.88	12.473	20.786	857.59	-0.11475	15.751	0.12284	vapor
212.50	1.6124	0.092370	10.826	2.6712	4.4400	100.93	12.473	20.786	858.60	-0.11475	15.776	0.12304	vapor
213.00	1.6124	0.092153	10.851	2.6775	4.4504	100.98	12.473	20.786	859.60	-0.11476	15.801	0.12324	vapor
213.50	1.6124	0.091938	10.877	2.6837	4.4608	101.03	12.473	20.786	860.61	-0.11476	15.826	0.12344	vapor
214.00	1.6124	0.091723	10.902	2.6899	4.4712	101.08	12.473	20.786	861.61	-0.11476	15.851	0.12364	vapor
214.50	1.6124	0.091510	10.928	2.6962	4.4815	101.13	12.473	20.786	862.62	-0.11476	15.876	0.12384	vapor
215.00	1.6124	0.091297	10.953	2.7024	4.4919	101.17	12.473	20.786	863.62	-0.11476	15.901	0.12403	vapor
215.50	1.6124	0.091086	10.979	2.7087	4.5023	101.22	12.473	20.786	864.62	-0.11477	15.926	0.12423	vapor
216.00	1.6124	0.090875	11.004	2.7149	4.5127	101.27	12.473	20.786	865.62	-0.11477	15.951	0.12443	vapor
216.50	1.6124	0.090665	11.030	2.7211	4.5231	101.32	12.473	20.786	866.62	-0.11477	15.975	0.12463	vapor
217.00	1.6124	0.090457	11.055	2.7274	4.5335	101.37	12.473	20.786	867.62	-0.11477	16.000	0.12482	vapor
217.50	1.6124	0.090249	11.080	2.7336	4.5439	101.41	12.473	20.786	868.62	-0.11477	16.025	0.12502	vapor
218.00	1.6124	0.090042	11.106	2.7398	4.5543	101.46	12.473	20.786	869.61	-0.11477	16.050	0.12522	vapor
218.50	1.6124	0.089836	11.131	2.7461	4.5647	101.51	12.473	20.786	870.61	-0.11477	16.075	0.12542	vapor
219.00	1.6124	0.089632	11.157	2.7523	4.5751	101.56	12.473	20.786	871.60	-0.11477	16.099	0.12561	vapor
219.50	1.6124	0.089428	11.182	2.7585	4.5855	101.60	12.473	20.786	872.59	-0.11477	16.124	0.12581	vapor
220.00	1.6124	0.089225	11.208	2.7648	4.5959	101.65	12.473	20.786	873.58	-0.11477	16.149	0.12601	vapor
220.50	1.6124	0.089023	11.233	2.7710	4.6063	101.70	12.473	20.786	874.57	-0.11478	16.174	0.12620	vapor
221.00	1.6124	0.088821	11.259	2.7773	4.6167	101.75	12.473	20.786	875.56	-0.11477	16.198	0.12640	vapor
221.50	1.6124	0.088621	11.284	2.7835	4.6270	101.79	12.473	20.786	876.55	-0.11477	16.223	0.12660	vapor
222.00	1.6124	0.088422	11.309	2.7897	4.6374	101.84	12.473	20.786	877.54	-0.11477	16.248	0.12679	vapor
222.50	1.6124	0.088223	11.335	2.7960	4.6478	101.89	12.473	20.786	878.52	-0.11477	16.272	0.12699	vapor
223.00	1.6124	0.088026	11.360	2.8022	4.6582	101.93	12.473	20.786	879.51	-0.11477	16.297	0.12718	vapor
223.50	1.6124	0.087829	11.386	2.8084	4.6686	101.98	12.473	20.786	880.49	-0.11477	16.322	0.12738	vapor
224.00	1.6124	0.087633	11.411	2.8147	4.6790	102.03	12.473	20.786	881.47	-0.11477	16.346	0.12758	vapor
224.50	1.6124	0.087438	11.437	2.8209	4.6894	102.07	12.473	20.786	882.45	-0.11477	16.371	0.12777	vapor
225.00	1.6124	0.087244	11.462	2.8271	4.6998	102.12	12.473	20.786	883.43	-0.11477	16.395	0.12797	vapor
225.50	1.6124	0.087051	11.488	2.8334	4.7102	102.16	12.473	20.786	884.41	-0.11477	16.420	0.12816	vapor
226.00	1.6124	0.086859	11.513	2.8396	4.7206	102.21	12.473	20.786	885.39	-0.11477	16.444	0.12836	vapor
226.50	1.6124	0.086667	11.538	2.8459	4.7310	102.26	12.473	20.786	886.37	-0.11476	16.469	0.12855	vapor
227.00	1.6124	0.086476	11.564	2.8521	4.7414	102.30	12.473	20.786	887.34	-0.11476	16.494	0.12875	vapor
227.50	1.6124	0.086286	11.589	2.8583	4.7518	102.35	12.473	20.786	888.32	-0.11476	16.518	0.12894	vapor
228.00	1.6124	0.086097	11.615	2.8646	4.7622	102.39	12.473	20.786	889.29	-0.11476	16.543	0.12914	vapor
228.50	1.6124	0.085909	11.640	2.8708	4.7725	102.44	12.473	20.786	890.26	-0.11475	16.567	0.12933	vapor
229.00	1.6124	0.085722	11.666	2.8770	4.7829	102.48	12.473	20.786	891.23	-0.11475	16.591	0.12953	vapor
229.50	1.6124	0.085535	11.691	2.8833	4.7933	102.53	12.473	20.786	892.20	-0.11475	16.616	0.12972	vapor
230.00	1.6124	0.085350	11.717	2.8895	4.8037	102.58	12.473	20.786	893.17	-0.11475	16.640	0.12991	vapor
230.50	1.6124	0.085165	11.742	2.8957	4.8141	102.62	12.473	20.786	894.14	-0.11474	16.665	0.13011	vapor
231.00	1.6124	0.084981	11.767	2.9020	4.8245	102.67	12.473	20.786	895.11	-0.11474	16.689	0.13030	vapor
231.50	1.6124	0.084797	11.793	2.9082	4.8349	102.71	12.473	20.786	896.07	-0.11474	16.714	0.13050	vapor
232.00	1.6124	0.084615	11.818	2.9145	4.8453	102.76	12.473	20.786	897.04	-0.11473	16.738	0.13069	vapor
232.50	1.6124	0.084433	11.844	2.9207	4.8557	102.80	12.473	20.786	898.00	-0.11473	16.762	0.13088	vapor
233.00	1.6124	0.084252	11.869	2.9269	4.8661	102.84	12.473	20.786	898.97	-0.11473	16.787	0.13108	vapor
233.50	1.6124	0.084072	11.895	2.9332	4.8765	102.89	12.473	20.786	899.93	-0.11472	16.811	0.13127	vapor
234.00	1.6124	0.083892	11.920	2.9394	4.8869	102.93	12.473	20.786	900.89	-0.11472	16.835	0.13146	vapor
234.50	1.6124	0.083714	11.945	2.9456	4.8973	102.98	12.473	20.786	901.85	-0.11472	16.860	0.13166	vapor
235.00	1.6124	0.083536	11.971	2.9519	4.9077	103.02	12.473	20.786	902.81	-0.11471	16.884	0.13185	vapor
235.50	1.6124	0.083358	11.996	2.9581	4.9180	103.07	12.473	20.786	903.77	-0.11471	16.908	0.13204	vapor
236.00	1.6124	0.083182	12.022	2.9643	4.9284	103.11	12.473	20.786	904.72	-0.11470	16.932	0.13224	vapor
236.50	1.6124	0.083006	12.047	2.9706	4.9388	103.15	12.473	20.786	905.68	-0.11470	16.957	0.13243	vapor
237.00	1.6124	0.082831	12.073	2.9768	4.9492	103.20	12.473	20.786	906.63	-0.11469	16.981	0.13262	vapor
237.50	1.6124	0.082657	12.098	2.9830	4.9596	103.24	12.473	20.786	907.59	-0.11469	17.005	0.13281	vapor
238.00	1.6124	0.082484	12.124	2.9893	4.9700	103.29	12.473	20.786	908.54	-0.11468	17.029	0.13301	vapor
238.50	1.6124	0.082311	12.149	2.9955	4.9804	103.33	12.473	20.786	909.49	-0.11468	17.053	0.13320	vapor
239.00	1.6124	0.082139	12.174	3.0018	4.9908	103.37	12.473	20.786	910.44	-0.11467	17.078	0.13339	vapor
239.50	1.6124	0.081968	12.200	3.0080	5.0012	103.42	12.473	20.786	911.39	-0.11467	17.102	0.13358	vapor
240.00	1.6124	0.081797	12.225	3.0142	5.0116	103.46	12.473	20.786	912.34	-0.11466	17.126	0.13377	vapor
240.50	1.6124	0.081627	12.251	3.0205	5.0220	103.50	12.473	20.786	913.29	-0.11466	17.150	0.13396	vapor
241.00	1.6124	0.081458	12.276	3.0267	5.0324	103.55	12.473	20.786	914.24	-0.11465	17.174	0.13416	vapor
241.50	1.6124	0.081290	12.302	3.0329	5.0428	103.59	12.473	20.786	915.18	-0.11465	17.198	0.13435	vapor
242.00	1.6124	0.081122	12.327	3.0392	5.0531	103.63	12.473	20.786	916.13	-0.11464	17.222	0.13454	vapor
242.50	1.6124	0.080955	12.353	3.0454	5.0635	103.68	12.473	20.786	917.07	-0.11464	17.246	0.13473	vapor
243.00	1.6124	0.080788	12.378	3.0516	5.0739	103.72	12.473	20.786	918.02	-0.11463	17.270	0.13492	vapor
243.50	1.6124	0.080623	12.403	3.0579	5.0843	103.76	12.473	20.786	918.96	-0.11462	17.294	0.13511	vapor
244.00	1.6124	0.080458	12.429	3.0641	5.0947	103.80	12.473	20.786	919.90	-0.11462	17.319	0.13530	vapor
244.50	1.6124	0.080293	12.454	3.0704	5.1051	103.85	12.473	20.786	920.84	-0.11461	17.343	0.13549	vapor
245.00	1.6124	0.080130	12.480	3.0766	5.1155	103.89	12.473	20.786	921.78	-0.11460	17.367	0.13568	vapor
245.50	1.6124	0.079967	12.505	3.0828	5.1259	103.93	12.473	20.786	922.72	-0.11460	17.391	0.13588	vapor
246.00	1.6124	0.079804	12.531	3.0891	5.1363	103.97	12.473	20.786	923.65	-0.11459	17.415	0.13607	vapor
246.50	1.6124	0.079642	12.556	3.0953	5.1467	104.02	12.473	20.786	924.59	-0.11458	17.438	0.13626	vapor
247.00	1.6124	0.079481	12.582	3.1015	5.1571	104.06	12.473	20.786	925.52	-0.11458	17.462	0.13645	vapor
247.50	1.6124	0.079321	12.607	3.1078	5.1675	104.10	12.473	20.786	926.46	-0.11457	17.486	0.13664	vapor
248.00	1.6124	0.079161	12.632	3.1140	5.1779	104.14	12.473	20.786	927.39	-0.11456	17.510	0.13683	vapor
248.50	1.6124	0.079002	12.658	3.1202	5.1883	104.18	12.473	20.786	928.33	-0.11456	17.534	0.13702	vapor
249.00	1.6124	0.078844	12.683	3.1265	5.1986	104.23	12.473	20.786	929.26	-0.11455	17.558	0.13721	vapor
249.50	1.6124	0.078686	12.709	3.1327	5.2090	104.27	12.473	20.785	930.19	-0.11454	17.582	0.13740	vapor
250.00	1.6124	0.078529	12.734	3.1390	5.2194	104.31	12.473	20.785	931.12	-0.11453	17.606	0.13759	vapor
250.50	1.6124	0.078372	12.760	3.1452	5.2298	104.35	12.473	20.785	932.05	-0.11453	17.630	0.13777	vapor
251.00	1.6124	0.078216	12.785	3.1514	5.2402	104.39	12.473	20.785	932.97	-0.11452	17.654	0.13796	vapor
251.50	1.6124	0.078061	12.811	3.1577	5.2506	104.43	12.473	20.785	933.90	-0.11451	17.677	0.13815	vapor
252.00	1.6124	0.077906	12.836	3.1639	5.2610	104.47	12.473	20.785	934.83	-0.11450	17.701	0.13834	vapor
252.50	1.6124	0.077752	12.861	3.1701	5.2714	104.52	12.473	20.785	935.75	-0.11450	17.725	0.13853	vapor
253.00	1.6124	0.077598	12.887	3.1764	5.2818	104.56	12.473	20.785	936.68	-0.11449	17.749	0.13872	vapor
253.50	1.6124	0.077446	12.912	3.1826	5.2922	104.60	12.473	20.785	937.60	-0.11448	17.773	0.13891	vapor
254.00	1.6124	0.077293	12.938	3.1888	5.3026	104.64	12.473	20.785	938.52	-0.11447	17.796	0.13910	vapor
254.50	1.6124	0.077142	12.963	3.1951	5.3130	104.68	12.473	20.785	939.44	-0.11446	17.820	0.13929	vapor
255.00	1.6124	0.076990	12.989	3.2013	5.3234	104.72	12.473	20.785	940.36	-0.11446	17.844	0.13947	vapor
255.50	1.6124	0.076840	13.014	3.2075	5.3338	104.76	12.473	20.785	941.28	-0.11445	17.868	0.13966	vapor
256.00	1.6124	0.076690	13.040	3.2138	5.3441	104.80	12.473	20.785	942.20	-0.11444	17.891	0.13985	vapor
256.50	1.6124	0.076541	13.065	3.2200	5.3545	104.84	12.473	20.785	943.12	-0.11443	17.915	0.14004	vapor
257.00	1.6124	0.076392	13.090	3.2263	5.3649	104.88	12.473	20.785	944.04	-0.11442	17.939	0.14023	vapor
257.50	1.6124	0.076244	13.116	3.2325	5.3753	104.92	12.473	20.785	944.95	-0.11441	17.962	0.14041	vapor
258.00	1.6124	0.076096	13.141	3.2387	5.3857	104.96	12.473	20.785	945.87	-0.11440	17.986	0.14060	vapor
258.50	1.6124	0.075949	13.167	3.2450	5.3961	105.00	12.473	20.785	946.78	-0.11440	18.010	0.14079	vapor
259.00	1.6124	0.075803	13.192	3.2512	5.4065	105.04	12.473	20.785	947.70	-0.11439	18.033	0.14098	vapor
259.50	1.6124	0.075657	13.218	3.2574	5.4169	105.08	12.473	20.785	948.61	-0.11438	18.057	0.14117	vapor
260.00	1.6124	0.075511	13.243	3.2637	5.4273	105.12	12.473	20.785	949.52	-0.11437	18.081	0.14135	vapor
260.50	1.6124	0.075366	13.268	3.2699	5.4377	105.16	12.473	20.785	950.43	-0.11436	18.104	0.14154	vapor
261.00	1.6124	0.075222	13.294	3.2761	5.4481	105.20	12.473	20.785	951.34	-0.11435	18.128	0.14173	vapor
261.50	1.6124	0.075079	13.319	3.2824	5.4585	105.24	12.473	20.785	952.25	-0.11434	18.151	0.14191	vapor
262.00	1.6124	0.074935	13.345	3.2886	5.4689	105.28	12.473	20.785	953.16	-0.11433	18.175	0.14210	vapor
262.50	1.6124	0.074793	13.370	3.2949	5.4793	105.32	12.473	20.785	954.07	-0.11432	18.198	0.14229	vapor
263.00	1.6124	0.074651	13.396	3.3011	5.4896	105.36	12.473	20.785	954.97	-0.11431	18.222	0.14247	vapor
263.50	1.6124	0.074509	13.421	3.3073	5.5000	105.40	12.473	20.785	955.88	-0.11430	18.246	0.14266	vapor
264.00	1.6124	0.074368	13.447	3.3136	5.5104	105.44	12.473	20.785	956.78	-0.11429	18.269	0.14285	vapor
264.50	1.6124	0.074228	13.472	3.3198	5.5208	105.48	12.473	20.785	957.69	-0.11428	18.293	0.14303	vapor
265.00	1.6124	0.074088	13.497	3.3260	5.5312	105.52	12.473	20.785	958.59	-0.11427	18.316	0.14322	vapor
265.50	1.6124	0.073949	13.523	3.3323	5.5416	105.56	12.473	20.785	959.49	-0.11426	18.340	0.14341	vapor
266.00	1.6124	0.073810	13.548	3.3385	5.5520	105.60	12.473	20.785	960.39	-0.11425	18.363	0.14359	vapor
266.50	1.6124	0.073671	13.574	3.3447	5.5624	105.64	12.473	20.785	961.30	-0.11424	18.386	0.14378	vapor
267.00	1.6124	0.073533	13.599	3.3510	5.5728	105.68	12.473	20.785	962.20	-0.11423	18.410	0.14397	vapor
267.50	1.6124	0.073396	13.625	3.3572	5.5832	105.71	12.473	20.785	963.09	-0.11422	18.433	0.14415	vapor
268.00	1.6124	0.073259	13.650	3.3634	5.5936	105.75	12.473	20.785	963.99	-0.11421	18.457	0.14434	vapor
268.50	1.6124	0.073123	13.676	3.3697	5.6040	105.79	12.473	20.785	964.89	-0.11420	18.480	0.14452	vapor
269.00	1.6124	0.072987	13.701	3.3759	5.6144	105.83	12.473	20.785	965.79	-0.11419	18.504	0.14471	vapor
269.50	1.6124	0.072852	13.726	3.3822	5.6247	105.87	12.473	20.785	966.68	-0.11418	18.527	0.14489	vapor
270.00	1.6124	0.072717	13.752	3.3884	5.6351	105.91	12.473	20.785	967.58	-0.11417	18.550	0.14508	vapor
270.50	1.6124	0.072583	13.777	3.3946	5.6455	105.95	12.473	20.785	968.47	-0.11416	18.574	0.14526	vapor
271.00	1.6124	0.072449	13.803	3.4009	5.6559	105.98	12.473	20.785	969.36	-0.11415	18.597	0.14545	vapor
271.50	1.6124	0.072316	13.828	3.4071	5.6663	106.02	12.473	20.785	970.26	-0.11414	18.620	0.14563	vapor
272.00	1.6124	0.072183	13.854	3.4133	5.6767	106.06	12.473	20.785	971.15	-0.11413	18.644	0.14582	vapor
272.50	1.6124	0.072051	13.879	3.4196	5.6871	106.10	12.473	20.785	972.04	-0.11412	18.667	0.14600	vapor
273.00	1.6124	0.071919	13.905	3.4258	5.6975	106.14	12.473	20.785	972.93	-0.11411	18.690	0.14619	vapor
273.50	1.6124	0.071788	13.930	3.4320	5.7079	106.18	12.473	20.785	973.82	-0.11410	18.714	0.14637	vapor
274.00	1.6124	0.071657	13.955	3.4383	5.7183	106.21	12.473	20.785	974.70	-0.11409	18.737	0.14656	vapor
274.50	1.6124	0.071526	13.981	3.4445	5.7287	106.25	12.473	20.785	975.59	-0.11407	18.760	0.14674	vapor
275.00	1.6124	0.071396	14.006	3.4508	5.7391	106.29	12.473	20.785	976.48	-0.11406	18.783	0.14693	vapor
275.50	1.6124	0.071267	14.032	3.4570	5.7495	106.33	12.473	20.785	977.36	-0.11405	18.807	0.14711	vapor
276.00	1.6124	0.071138	14.057	3.4632	5.7599	106.36	12.473	20.785	978.25	-0.11404	18.830	0.14729	vapor
276.50	1.6124	0.071009	14.083	3.4695	5.7702	106.40	12.473	20.785	979.13	-0.11403	18.853	0.14748	vapor
277.00	1.6124	0.070881	14.108	3.4757	5.7806	106.44	12.473	20.785	980.02	-0.11402	18.876	0.14766	vapor
277.50	1.6124	0.070754	14.134	3.4819	5.7910	106.48	12.473	20.785	980.90	-0.11401	18.900	0.14785	vapor
278.00	1.6124	0.070627	14.159	3.4882	5.8014	106.52	12.473	20.785	981.78	-0.11400	18.923	0.14803	vapor
278.50	1.6124	0.070500	14.184	3.4944	5.8118	106.55	12.473	20.785	982.66	-0.11398	18.946	0.14821	vapor
279.00	1.6124	0.070374	14.210	3.5006	5.8222	106.59	12.473	20.785	983.54	-0.11397	18.969	0.14840	vapor
279.50	1.6124	0.070248	14.235	3.5069	5.8326	106.63	12.473	20.785	984.42	-0.11396	18.992	0.14858	vapor
280.00	1.6124	0.070123	14.261	3.5131	5.8430	106.66	12.473	20.785	985.30	-0.11395	19.015	0.14876	vapor
280.50	1.6124	0.069998	14.286	3.5193	5.8534	106.70	12.473	20.785	986.18	-0.11394	19.038	0.14895	vapor
281.00	1.6124	0.069873	14.312	3.5256	5.8638	106.74	12.473	20.785	987.05	-0.11393	19.062	0.14913	vapor
281.50	1.6124	0.069749	14.337	3.5318	5.8742	106.78	12.473	20.785	987.93	-0.11391	19.085	0.14931	vapor
282.00	1.6124	0.069626	14.363	3.5381	5.8846	106.81	12.473	20.785	988.81	-0.11390	19.108	0.14950	vapor
282.50	1.6124	0.069503	14.388	3.5443	5.8950	106.85	12.473	20.785	989.68	-0.11389	19.131	0.14968	vapor
283.00	1.6124	0.069380	14.413	3.5505	5.9054	106.89	12.473	20.785	990.56	-0.11388	19.154	0.14986	vapor
283.50	1.6124	0.069258	14.439	3.5568	5.9157	106.92	12.473	20.785	991.43	-0.11387	19.177	0.15004	vapor
284.00	1.6124	0.069136	14.464	3.5630	5.9261	106.96	12.473	20.785	992.30	-0.11386	19.200	0.15023	vapor
284.50	1.6124	0.069014	14.490	3.5692	5.9365	107.00	12.473	20.785	993.17	-0.11384	19.223	0.15041	vapor
285.00	1.6124	0.068893	14.515	3.5755	5.9469	107.03	12.473	20.785	994.04	-0.11383	19.246	0.15059	vapor
285.50	1.6124	0.068773	14.541	3.5817	5.9573	107.07	12.473	20.785	994.91	-0.11382	19.269	0.15077	vapor
286.00	1.6124	0.068653	14.566	3.5879	5.9677	107.10	12.473	20.785	995.78	-0.11381	19.292	0.15096	vapor
286.50	1.6124	0.068533	14.592	3.5942	5.9781	107.14	12.473	20.785	996.65	-0.11379	19.315	0.15114	vapor
287.00	1.6124	0.068414	14.617	3.6004	5.9885	107.18	12.473	20.785	997.52	-0.11378	19.338	0.15132	vapor
287.50	1.6124	0.068295	14.642	3.6067	5.9989	107.21	12.473	20.785	998.39	-0.11377	19.361	0.15150	vapor
288.00	1.6124	0.068176	14.668	3.6129	6.0093	107.25	12.473	20.785	999.25	-0.11376	19.384	0.15168	vapor
288.50	1.6124	0.068058	14.693	3.6191	6.0197	107.29	12.473	20.785	1000.1	-0.11374	19.407	0.15187	vapor
289.00	1.6124	0.067941	14.719	3.6254	6.0301	107.32	12.473	20.785	1001.0	-0.11373	19.430	0.15205	vapor
289.50	1.6124	0.067823	14.744	3.6316	6.0405	107.36	12.473	20.785	1001.8	-0.11372	19.453	0.15223	vapor
290.00	1.6124	0.067707	14.770	3.6378	6.0508	107.39	12.473	20.785	1002.7	-0.11371	19.476	0.15241	vapor
290.50	1.6124	0.067590	14.795	3.6441	6.0612	107.43	12.473	20.785	1003.6	-0.11369	19.499	0.15259	vapor
291.00	1.6124	0.067474	14.820	3.6503	6.0716	107.46	12.473	20.785	1004.4	-0.11368	19.522	0.15277	vapor
291.50	1.6124	0.067359	14.846	3.6565	6.0820	107.50	12.473	20.785	1005.3	-0.11367	19.544	0.15296	vapor
292.00	1.6124	0.067243	14.871	3.6628	6.0924	107.54	12.473	20.785	1006.2	-0.11366	19.567	0.15314	vapor
292.50	1.6124	0.067128	14.897	3.6690	6.1028	107.57	12.473	20.785	1007.0	-0.11364	19.590	0.15332	vapor
293.00	1.6124	0.067014	14.922	3.6752	6.1132	107.61	12.473	20.785	1007.9	-0.11363	19.613	0.15350	vapor
293.50	1.6124	0.066900	14.948	3.6815	6.1236	107.64	12.473	20.785	1008.7	-0.11362	19.636	0.15368	vapor
294.00	1.6124	0.066786	14.973	3.6877	6.1340	107.68	12.473	20.785	1009.6	-0.11361	19.659	0.15386	vapor
294.50	1.6124	0.066673	14.999	3.6940	6.1444	107.71	12.473	20.785	1010.4	-0.11359	19.682	0.15404	vapor
295.00	1.6124	0.066560	15.024	3.7002	6.1548	107.75	12.473	20.785	1011.3	-0.11358	19.704	0.15422	vapor
295.50	1.6124	0.066448	15.049	3.7064	6.1652	107.78	12.473	20.785	1012.2	-0.11357	19.727	0.15440	vapor
296.00	1.6124	0.066335	15.075	3.7127	6.1756	107.82	12.473	20.785	1013.0	-0.11355	19.750	0.15458	vapor
296.50	1.6124	0.066224	15.100	3.7189	6.1860	107.85	12.473	20.785	1013.9	-0.11354	19.773	0.15476	vapor
297.00	1.6124	0.066112	15.126	3.7251	6.1963	107.89	12.473	20.785	1014.7	-0.11353	19.795	0.15494	vapor
297.50	1.6124	0.066001	15.151	3.7314	6.2067	107.92	12.473	20.785	1015.6	-0.11351	19.818	0.15512	vapor
298.00	1.6124	0.065891	15.177	3.7376	6.2171	107.96	12.473	20.785	1016.4	-0.11350	19.841	0.15530	vapor
298.50	1.6124	0.065780	15.202	3.7438	6.2275	107.99	12.473	20.785	1017.3	-0.11349	19.864	0.15548	vapor
299.00	1.6124	0.065670	15.228	3.7501	6.2379	108.03	12.473	20.785	1018.1	-0.11347	19.886	0.15566	vapor
299.50	1.6124	0.065561	15.253	3.7563	6.2483	108.06	12.473	20.785	1019.0	-0.11346	19.909	0.15584	vapor
300.00	1.6124	0.065452	15.278	3.7625	6.2587	108.10	12.473	20.785	1019.8	-0.11345	19.932	0.15602	vapor
