Temperature (K)	Pressure (atm)	Density (mol/l)	Volume (l/mol)	Internal Energy (kJ/mol)	Enthalpy (kJ/mol)	Entropy (J/mol*K)	Cv (J/mol*K)	Cp (J/mol*K)	Sound Spd. (m/s)	Joule-Thomson (F/atm)	Viscosity (uPa*s)	Therm. Cond. (W/m*K)	Phase
4.0000	1.5444	33.079	0.030231	-0.0084206	-0.0036900	-1.3116	9.8816	16.434	200.03	-0.16048	3.4610	0.019024	liquid
4.5000	1.5444	30.280	0.033025	0.00097253	0.0061403	0.99533	10.340	24.398	172.21	0.029981	3.1002	0.019071	liquid
4.7273	1.5444	28.082	0.035610	0.0072467	0.012819	2.4408	10.574	37.169	151.58	0.20830	2.8648	0.018876	liquid
4.7273	1.5444	6.8517	0.14595	0.056924	0.079762	16.602	12.518	57.340	101.03	1.7985	1.4940	0.011178	vapor
5.0000	1.5444	5.6000	0.17857	0.064186	0.092130	19.150	12.549	38.425	110.55	1.5644	1.5101	0.011167	vapor
5.5000	1.5444	4.4875	0.22284	0.073990	0.10886	22.345	12.494	30.208	123.02	1.3077	1.5796	0.011636	vapor
6.0000	1.5444	3.8390	0.26049	0.082346	0.12311	24.826	12.449	27.154	132.84	1.1383	1.6604	0.012227	vapor
6.5000	1.5444	3.3886	0.29511	0.090065	0.13624	26.930	12.427	25.531	141.27	1.0120	1.7436	0.012860	vapor
7.0000	1.5444	3.0493	0.32795	0.097421	0.14874	28.783	12.421	24.525	148.81	0.91195	1.8268	0.013508	vapor
7.5000	1.5444	2.7807	0.35962	0.10455	0.16082	30.450	12.423	23.845	155.70	0.82988	1.9093	0.014151	vapor
8.0000	1.5444	2.5611	0.39045	0.11152	0.17262	31.973	12.429	23.355	162.12	0.76077	1.9906	0.014779	vapor
8.5000	1.5444	2.3772	0.42066	0.11837	0.18420	33.377	12.437	22.987	168.16	0.70146	2.0706	0.015388	vapor
9.0000	1.5444	2.2204	0.45038	0.12514	0.19562	34.682	12.445	22.702	173.88	0.64979	2.1492	0.015979	vapor
9.5000	1.5444	2.0846	0.47971	0.13184	0.20691	35.904	12.454	22.474	179.34	0.60421	2.2265	0.016553	vapor
10.000	1.5444	1.9657	0.50873	0.13849	0.21810	37.051	12.461	22.288	184.57	0.56360	2.3024	0.017110	vapor
10.500	1.5444	1.8605	0.53749	0.14509	0.22920	38.135	12.468	22.134	189.61	0.52712	2.3771	0.017653	vapor
11.000	1.5444	1.7667	0.56603	0.15166	0.24024	39.162	12.473	22.004	194.48	0.49412	2.4504	0.018183	vapor
11.500	1.5444	1.6824	0.59438	0.15820	0.25121	40.137	12.478	21.894	199.19	0.46408	2.5226	0.018700	vapor
12.000	1.5444	1.6063	0.62256	0.16471	0.26213	41.067	12.483	21.798	203.76	0.43659	2.5936	0.019207	vapor
12.500	1.5444	1.5370	0.65061	0.17120	0.27301	41.955	12.486	21.716	208.21	0.41132	2.6635	0.019703	vapor
13.000	1.5444	1.4738	0.67854	0.17767	0.28385	42.805	12.490	21.643	212.55	0.38800	2.7323	0.020189	vapor
13.500	1.5444	1.4157	0.70635	0.18412	0.29465	43.621	12.492	21.579	216.78	0.36640	2.8001	0.020667	vapor
14.000	1.5444	1.3623	0.73407	0.19056	0.30543	44.405	12.494	21.522	220.91	0.34633	2.8669	0.021137	vapor
14.500	1.5444	1.3128	0.76171	0.19698	0.31618	45.159	12.496	21.471	224.96	0.32763	2.9327	0.021599	vapor
15.000	1.5444	1.2670	0.78927	0.20339	0.32690	45.886	12.498	21.425	228.92	0.31016	2.9977	0.022055	vapor
15.500	1.5444	1.2244	0.81676	0.20979	0.33760	46.588	12.499	21.384	232.80	0.29379	3.0617	0.022503	vapor
16.000	1.5444	1.1846	0.84419	0.21618	0.34829	47.266	12.500	21.346	236.61	0.27843	3.1250	0.022946	vapor
16.500	1.5444	1.1474	0.87156	0.22257	0.35895	47.923	12.500	21.312	240.35	0.26399	3.1874	0.023383	vapor
17.000	1.5444	1.1125	0.89888	0.22894	0.36960	48.558	12.501	21.281	244.03	0.25038	3.2490	0.023815	vapor
17.500	1.5444	1.0797	0.92615	0.23530	0.38023	49.175	12.501	21.253	247.64	0.23754	3.3099	0.024241	vapor
18.000	1.5444	1.0489	0.95338	0.24166	0.39085	49.773	12.502	21.227	251.20	0.22540	3.3701	0.024663	vapor
18.500	1.5444	1.0198	0.98058	0.24802	0.40146	50.354	12.502	21.203	254.70	0.21391	3.4296	0.025080	vapor
19.000	1.5444	0.99233	1.0077	0.25436	0.41205	50.920	12.502	21.181	258.15	0.20302	3.4884	0.025493	vapor
19.500	1.5444	0.96632	1.0349	0.26070	0.42264	51.470	12.502	21.160	261.55	0.19268	3.5465	0.025902	vapor
20.000	1.5444	0.94166	1.0620	0.26704	0.43322	52.005	12.502	21.142	264.90	0.18285	3.6041	0.026307	vapor
20.500	1.5444	0.91826	1.0890	0.27337	0.44378	52.527	12.502	21.124	268.21	0.17350	3.6610	0.026708	vapor
21.000	1.5444	0.89601	1.1161	0.27970	0.45434	53.036	12.502	21.108	271.47	0.16459	3.7173	0.027106	vapor
21.500	1.5444	0.87484	1.1431	0.28602	0.46489	53.532	12.501	21.092	274.69	0.15610	3.7731	0.027500	vapor
22.000	1.5444	0.85466	1.1701	0.29234	0.47543	54.017	12.501	21.078	277.87	0.14800	3.8283	0.027891	vapor
22.500	1.5444	0.83540	1.1970	0.29865	0.48597	54.490	12.501	21.065	281.01	0.14026	3.8830	0.028279	vapor
23.000	1.5444	0.81701	1.2240	0.30496	0.49650	54.953	12.501	21.053	284.12	0.13285	3.9372	0.028664	vapor
23.500	1.5444	0.79941	1.2509	0.31127	0.50702	55.406	12.500	21.041	287.19	0.12577	3.9909	0.029046	vapor
24.000	1.5444	0.78258	1.2778	0.31758	0.51754	55.849	12.500	21.030	290.22	0.11898	4.0441	0.029426	vapor
24.500	1.5444	0.76644	1.3047	0.32388	0.52805	56.282	12.500	21.020	293.23	0.11248	4.0968	0.029802	vapor
25.000	1.5444	0.75097	1.3316	0.33018	0.53856	56.707	12.499	21.010	296.19	0.10624	4.1491	0.030176	vapor
25.500	1.5444	0.73611	1.3585	0.33648	0.54906	57.123	12.499	21.001	299.13	0.10025	4.2009	0.030548	vapor
26.000	1.5444	0.72184	1.3853	0.34278	0.55956	57.531	12.499	20.992	302.04	0.094499	4.2523	0.030917	vapor
26.500	1.5444	0.70812	1.4122	0.34907	0.57005	57.930	12.498	20.984	304.92	0.088969	4.3033	0.031284	vapor
27.000	1.5444	0.69492	1.4390	0.35536	0.58054	58.323	12.498	20.977	307.77	0.083651	4.3539	0.031649	vapor
27.500	1.5444	0.68220	1.4658	0.36165	0.59103	58.707	12.498	20.969	310.59	0.078533	4.4040	0.032011	vapor
28.000	1.5444	0.66995	1.4926	0.36794	0.60151	59.085	12.497	20.962	313.39	0.073604	4.4538	0.032372	vapor
28.500	1.5444	0.65813	1.5194	0.37422	0.61199	59.456	12.497	20.956	316.16	0.068855	4.5032	0.032730	vapor
29.000	1.5444	0.64673	1.5462	0.38051	0.62247	59.821	12.497	20.950	318.91	0.064277	4.5523	0.033086	vapor
29.500	1.5444	0.63572	1.5730	0.38679	0.63294	60.179	12.496	20.944	321.63	0.059861	4.6010	0.033441	vapor
30.000	1.5444	0.62508	1.5998	0.39307	0.64341	60.531	12.496	20.938	324.33	0.055600	4.6493	0.033793	vapor
30.500	1.5444	0.61479	1.6266	0.39935	0.65388	60.877	12.495	20.933	327.00	0.051485	4.6973	0.034144	vapor
31.000	1.5444	0.60484	1.6533	0.40563	0.66435	61.217	12.495	20.928	329.65	0.047511	4.7450	0.034493	vapor
31.500	1.5444	0.59521	1.6801	0.41191	0.67481	61.552	12.495	20.923	332.29	0.043669	4.7923	0.034840	vapor
32.000	1.5444	0.58589	1.7068	0.41818	0.68527	61.881	12.494	20.919	334.89	0.039956	4.8394	0.035185	vapor
32.500	1.5444	0.57685	1.7336	0.42446	0.69573	62.205	12.494	20.914	337.48	0.036363	4.8861	0.035529	vapor
33.000	1.5444	0.56809	1.7603	0.43073	0.70618	62.525	12.494	20.910	340.05	0.032887	4.9325	0.035871	vapor
33.500	1.5444	0.55959	1.7870	0.43700	0.71664	62.839	12.493	20.906	342.60	0.029522	4.9787	0.036212	vapor
34.000	1.5444	0.55135	1.8137	0.44327	0.72709	63.149	12.493	20.902	345.13	0.026262	5.0245	0.036551	vapor
34.500	1.5444	0.54335	1.8404	0.44954	0.73754	63.454	12.493	20.898	347.64	0.023105	5.0701	0.036888	vapor
35.000	1.5444	0.53558	1.8672	0.45581	0.74799	63.755	12.492	20.895	350.13	0.020044	5.1154	0.037224	vapor
35.500	1.5444	0.52802	1.8939	0.46208	0.75843	64.051	12.492	20.892	352.60	0.017077	5.1604	0.037559	vapor
36.000	1.5444	0.52068	1.9206	0.46834	0.76888	64.343	12.492	20.888	355.06	0.014199	5.2052	0.037892	vapor
36.500	1.5444	0.51354	1.9472	0.47461	0.77932	64.631	12.492	20.885	357.50	0.011406	5.2497	0.038223	vapor
37.000	1.5444	0.50660	1.9739	0.48088	0.78976	64.915	12.491	20.882	359.92	0.0086963	5.2939	0.038554	vapor
37.500	1.5444	0.49984	2.0006	0.48714	0.80021	65.196	12.491	20.880	362.32	0.0060650	5.3380	0.038883	vapor
38.000	1.5444	0.49326	2.0273	0.49340	0.81064	65.472	12.491	20.877	364.71	0.0035095	5.3817	0.039210	vapor
38.500	1.5444	0.48686	2.0540	0.49967	0.82108	65.745	12.490	20.874	367.09	0.0010269	5.4253	0.039537	vapor
39.000	1.5444	0.48062	2.0807	0.50593	0.83152	66.014	12.490	20.872	369.44	-0.0013857	5.4686	0.039862	vapor
39.500	1.5444	0.47453	2.1073	0.51219	0.84195	66.280	12.490	20.869	371.79	-0.0037310	5.5117	0.040186	vapor
40.000	1.5444	0.46860	2.1340	0.51845	0.85239	66.543	12.490	20.867	374.11	-0.0060113	5.5545	0.040508	vapor
40.500	1.5444	0.46282	2.1607	0.52471	0.86282	66.802	12.489	20.865	376.43	-0.0082293	5.5972	0.040830	vapor
41.000	1.5444	0.45718	2.1873	0.53097	0.87325	67.058	12.489	20.863	378.72	-0.010387	5.6396	0.041150	vapor
41.500	1.5444	0.45167	2.2140	0.53723	0.88368	67.311	12.489	20.860	381.01	-0.012487	5.6818	0.041469	vapor
42.000	1.5444	0.44630	2.2406	0.54349	0.89411	67.561	12.489	20.858	383.28	-0.014531	5.7238	0.041787	vapor
42.500	1.5444	0.44105	2.2673	0.54975	0.90454	67.808	12.488	20.857	385.54	-0.016521	5.7656	0.042104	vapor
43.000	1.5444	0.43593	2.2939	0.55601	0.91497	68.052	12.488	20.855	387.78	-0.018460	5.8073	0.042420	vapor
43.500	1.5444	0.43092	2.3206	0.56226	0.92540	68.293	12.488	20.853	390.01	-0.020348	5.8487	0.042735	vapor
44.000	1.5444	0.42603	2.3472	0.56852	0.93582	68.531	12.488	20.851	392.23	-0.022188	5.8899	0.043048	vapor
44.500	1.5444	0.42125	2.3739	0.57478	0.94625	68.767	12.488	20.850	394.43	-0.023981	5.9310	0.043361	vapor
45.000	1.5444	0.41658	2.4005	0.58103	0.95667	68.999	12.487	20.848	396.62	-0.025729	5.9718	0.043673	vapor
45.500	1.5444	0.41200	2.4272	0.58729	0.96710	69.230	12.487	20.846	398.80	-0.027433	6.0125	0.043983	vapor
46.000	1.5444	0.40753	2.4538	0.59354	0.97752	69.458	12.487	20.845	400.97	-0.029095	6.0530	0.044293	vapor
46.500	1.5444	0.40316	2.4804	0.59979	0.98794	69.683	12.487	20.843	403.13	-0.030716	6.0933	0.044601	vapor
47.000	1.5444	0.39887	2.5071	0.60605	0.99836	69.906	12.487	20.842	405.27	-0.032298	6.1335	0.044909	vapor
47.500	1.5444	0.39468	2.5337	0.61230	1.0088	70.126	12.486	20.841	407.41	-0.033842	6.1735	0.045216	vapor
48.000	1.5444	0.39058	2.5603	0.61855	1.0192	70.345	12.486	20.839	409.53	-0.035348	6.2133	0.045521	vapor
48.500	1.5444	0.38656	2.5870	0.62481	1.0296	70.561	12.486	20.838	411.64	-0.036819	6.2530	0.045826	vapor
49.000	1.5444	0.38262	2.6136	0.63106	1.0400	70.774	12.486	20.837	413.74	-0.038255	6.2925	0.046130	vapor
49.500	1.5444	0.37876	2.6402	0.63731	1.0505	70.986	12.486	20.836	415.83	-0.039658	6.3319	0.046433	vapor
50.000	1.5444	0.37498	2.6668	0.64356	1.0609	71.195	12.485	20.834	417.91	-0.041028	6.3711	0.046735	vapor
50.500	1.5444	0.37127	2.6934	0.64981	1.0713	71.403	12.485	20.833	419.98	-0.042366	6.4101	0.047036	vapor
51.000	1.5444	0.36764	2.7201	0.65607	1.0817	71.608	12.485	20.832	422.03	-0.043674	6.4490	0.047336	vapor
51.500	1.5444	0.36408	2.7467	0.66232	1.0921	71.811	12.485	20.831	424.08	-0.044952	6.4878	0.047636	vapor
52.000	1.5444	0.36058	2.7733	0.66857	1.1025	72.012	12.485	20.830	426.12	-0.046202	6.5264	0.047935	vapor
52.500	1.5444	0.35715	2.7999	0.67482	1.1130	72.212	12.485	20.829	428.15	-0.047423	6.5648	0.048232	vapor
53.000	1.5444	0.35379	2.8265	0.68107	1.1234	72.409	12.485	20.828	430.17	-0.048618	6.6032	0.048529	vapor
53.500	1.5444	0.35049	2.8531	0.68732	1.1338	72.605	12.484	20.827	432.18	-0.049786	6.6414	0.048825	vapor
54.000	1.5444	0.34725	2.8798	0.69356	1.1442	72.798	12.484	20.826	434.18	-0.050928	6.6794	0.049121	vapor
54.500	1.5444	0.34407	2.9064	0.69981	1.1546	72.990	12.484	20.825	436.17	-0.052046	6.7173	0.049415	vapor
55.000	1.5444	0.34095	2.9330	0.70606	1.1650	73.181	12.484	20.825	438.15	-0.053140	6.7551	0.049709	vapor
55.500	1.5444	0.33789	2.9596	0.71231	1.1754	73.369	12.484	20.824	440.12	-0.054210	6.7928	0.050002	vapor
56.000	1.5444	0.33488	2.9862	0.71856	1.1858	73.556	12.484	20.823	442.09	-0.055257	6.8303	0.050295	vapor
56.500	1.5444	0.33192	3.0128	0.72481	1.1963	73.741	12.484	20.822	444.04	-0.056282	6.8677	0.050586	vapor
57.000	1.5444	0.32901	3.0394	0.73105	1.2067	73.924	12.483	20.821	445.99	-0.057286	6.9050	0.050877	vapor
57.500	1.5444	0.32616	3.0660	0.73730	1.2171	74.106	12.483	20.821	447.92	-0.058268	6.9422	0.051167	vapor
58.000	1.5444	0.32335	3.0926	0.74355	1.2275	74.286	12.483	20.820	449.85	-0.059230	6.9792	0.051456	vapor
58.500	1.5444	0.32059	3.1192	0.74980	1.2379	74.465	12.483	20.819	451.77	-0.060173	7.0161	0.051745	vapor
59.000	1.5444	0.31788	3.1458	0.75604	1.2483	74.642	12.483	20.819	453.69	-0.061096	7.0529	0.052033	vapor
59.500	1.5444	0.31522	3.1724	0.76229	1.2587	74.818	12.483	20.818	455.59	-0.062000	7.0896	0.052320	vapor
60.000	1.5444	0.31260	3.1990	0.76854	1.2691	74.992	12.483	20.817	457.49	-0.062886	7.1262	0.052606	vapor
60.500	1.5444	0.31002	3.2256	0.77478	1.2795	75.165	12.482	20.817	459.38	-0.063754	7.1627	0.052892	vapor
61.000	1.5444	0.30748	3.2522	0.78103	1.2899	75.336	12.482	20.816	461.26	-0.064605	7.1990	0.053177	vapor
61.500	1.5444	0.30499	3.2788	0.78727	1.3004	75.506	12.482	20.815	463.13	-0.065439	7.2353	0.053461	vapor
62.000	1.5444	0.30254	3.3054	0.79352	1.3108	75.675	12.482	20.815	465.00	-0.066256	7.2714	0.053745	vapor
62.500	1.5444	0.30012	3.3320	0.79977	1.3212	75.842	12.482	20.814	466.86	-0.067058	7.3074	0.054028	vapor
63.000	1.5444	0.29775	3.3586	0.80601	1.3316	76.008	12.482	20.814	468.71	-0.067843	7.3434	0.054311	vapor
63.500	1.5444	0.29541	3.3852	0.81226	1.3420	76.172	12.482	20.813	470.55	-0.068613	7.3792	0.054593	vapor
64.000	1.5444	0.29310	3.4118	0.81850	1.3524	76.336	12.482	20.813	472.39	-0.069369	7.4149	0.054874	vapor
64.500	1.5444	0.29084	3.4384	0.82475	1.3628	76.497	12.482	20.812	474.22	-0.070110	7.4505	0.055154	vapor
65.000	1.5444	0.28860	3.4649	0.83099	1.3732	76.658	12.481	20.812	476.04	-0.070837	7.4861	0.055434	vapor
65.500	1.5444	0.28641	3.4915	0.83724	1.3836	76.818	12.481	20.811	477.85	-0.071550	7.5215	0.055713	vapor
66.000	1.5444	0.28424	3.5181	0.84348	1.3940	76.976	12.481	20.811	479.66	-0.072249	7.5568	0.055992	vapor
66.500	1.5444	0.28211	3.5447	0.84972	1.4044	77.133	12.481	20.810	481.46	-0.072935	7.5921	0.056270	vapor
67.000	1.5444	0.28001	3.5713	0.85597	1.4148	77.289	12.481	20.810	483.26	-0.073609	7.6272	0.056548	vapor
67.500	1.5444	0.27794	3.5979	0.86221	1.4252	77.444	12.481	20.809	485.05	-0.074270	7.6622	0.056825	vapor
68.000	1.5444	0.27590	3.6245	0.86846	1.4356	77.597	12.481	20.809	486.83	-0.074919	7.6972	0.057101	vapor
68.500	1.5444	0.27389	3.6511	0.87470	1.4460	77.750	12.481	20.808	488.60	-0.075555	7.7321	0.057377	vapor
69.000	1.5444	0.27191	3.6777	0.88094	1.4564	77.901	12.481	20.808	490.37	-0.076180	7.7669	0.057652	vapor
69.500	1.5444	0.26996	3.7042	0.88719	1.4668	78.051	12.481	20.808	492.13	-0.076794	7.8015	0.057926	vapor
70.000	1.5444	0.26804	3.7308	0.89343	1.4772	78.200	12.481	20.807	493.89	-0.077396	7.8361	0.058200	vapor
70.500	1.5444	0.26614	3.7574	0.89967	1.4876	78.348	12.480	20.807	495.64	-0.077988	7.8707	0.058474	vapor
71.000	1.5444	0.26427	3.7840	0.90592	1.4980	78.495	12.480	20.806	497.38	-0.078569	7.9051	0.058746	vapor
71.500	1.5444	0.26243	3.8106	0.91216	1.5085	78.641	12.480	20.806	499.12	-0.079140	7.9394	0.059019	vapor
72.000	1.5444	0.26061	3.8372	0.91840	1.5189	78.786	12.480	20.806	500.85	-0.079700	7.9737	0.059290	vapor
72.500	1.5444	0.25882	3.8638	0.92465	1.5293	78.930	12.480	20.805	502.57	-0.080250	8.0079	0.059562	vapor
73.000	1.5444	0.25705	3.8903	0.93089	1.5397	79.073	12.480	20.805	504.29	-0.080791	8.0420	0.059832	vapor
73.500	1.5444	0.25530	3.9169	0.93713	1.5501	79.215	12.480	20.805	506.01	-0.081322	8.0760	0.060103	vapor
74.000	1.5444	0.25358	3.9435	0.94337	1.5605	79.356	12.480	20.804	507.71	-0.081844	8.1100	0.060372	vapor
74.500	1.5444	0.25188	3.9701	0.94962	1.5709	79.497	12.480	20.804	509.42	-0.082357	8.1438	0.060641	vapor
75.000	1.5444	0.25021	3.9967	0.95586	1.5813	79.636	12.480	20.804	511.11	-0.082861	8.1776	0.060910	vapor
75.500	1.5444	0.24856	4.0232	0.96210	1.5917	79.774	12.480	20.803	512.80	-0.083356	8.2113	0.061178	vapor
76.000	1.5444	0.24692	4.0498	0.96834	1.6021	79.911	12.480	20.803	514.49	-0.083843	8.2450	0.061445	vapor
76.500	1.5444	0.24531	4.0764	0.97459	1.6125	80.048	12.480	20.803	516.17	-0.084321	8.2785	0.061713	vapor
77.000	1.5444	0.24372	4.1030	0.98083	1.6229	80.183	12.479	20.802	517.84	-0.084792	8.3120	0.061979	vapor
77.500	1.5444	0.24216	4.1296	0.98707	1.6333	80.318	12.479	20.802	519.51	-0.085254	8.3454	0.062245	vapor
78.000	1.5444	0.24061	4.1561	0.99331	1.6437	80.452	12.479	20.802	521.17	-0.085708	8.3788	0.062511	vapor
78.500	1.5444	0.23908	4.1827	0.99955	1.6541	80.585	12.479	20.802	522.83	-0.086155	8.4121	0.062776	vapor
79.000	1.5444	0.23757	4.2093	1.0058	1.6645	80.717	12.479	20.801	524.48	-0.086594	8.4453	0.063040	vapor
79.500	1.5444	0.23608	4.2359	1.0120	1.6749	80.848	12.479	20.801	526.13	-0.087026	8.4784	0.063304	vapor
80.000	1.5444	0.23461	4.2625	1.0183	1.6853	80.978	12.479	20.801	527.77	-0.087451	8.5115	0.063568	vapor
80.500	1.5444	0.23315	4.2890	1.0245	1.6957	81.108	12.479	20.801	529.41	-0.087869	8.5445	0.063831	vapor
81.000	1.5444	0.23172	4.3156	1.0308	1.7061	81.237	12.479	20.800	531.04	-0.088279	8.5774	0.064094	vapor
81.500	1.5444	0.23030	4.3422	1.0370	1.7165	81.365	12.479	20.800	532.67	-0.088683	8.6102	0.064356	vapor
82.000	1.5444	0.22890	4.3688	1.0432	1.7269	81.492	12.479	20.800	534.29	-0.089081	8.6430	0.064618	vapor
82.500	1.5444	0.22751	4.3953	1.0495	1.7373	81.618	12.479	20.800	535.91	-0.089472	8.6758	0.064879	vapor
83.000	1.5444	0.22615	4.4219	1.0557	1.7477	81.744	12.479	20.799	537.52	-0.089856	8.7084	0.065140	vapor
83.500	1.5444	0.22479	4.4485	1.0620	1.7581	81.869	12.479	20.799	539.13	-0.090234	8.7410	0.065400	vapor
84.000	1.5444	0.22346	4.4751	1.0682	1.7685	81.993	12.479	20.799	540.73	-0.090607	8.7736	0.065660	vapor
84.500	1.5444	0.22214	4.5017	1.0744	1.7789	82.117	12.479	20.799	542.33	-0.090973	8.8061	0.065920	vapor
85.000	1.5444	0.22084	4.5282	1.0807	1.7893	82.239	12.478	20.799	543.92	-0.091333	8.8385	0.066179	vapor
85.500	1.5444	0.21955	4.5548	1.0869	1.7997	82.361	12.478	20.798	545.51	-0.091688	8.8708	0.066438	vapor
86.000	1.5444	0.21827	4.5814	1.0932	1.8101	82.483	12.478	20.798	547.10	-0.092037	8.9031	0.066696	vapor
86.500	1.5444	0.21702	4.6080	1.0994	1.8205	82.603	12.478	20.798	548.68	-0.092380	8.9354	0.066954	vapor
87.000	1.5444	0.21577	4.6345	1.1056	1.8309	82.723	12.478	20.798	550.25	-0.092718	8.9675	0.067211	vapor
87.500	1.5444	0.21454	4.6611	1.1119	1.8413	82.842	12.478	20.798	551.82	-0.093050	8.9996	0.067468	vapor
88.000	1.5444	0.21333	4.6877	1.1181	1.8517	82.961	12.478	20.797	553.39	-0.093378	9.0317	0.067724	vapor
88.500	1.5444	0.21212	4.7143	1.1244	1.8621	83.078	12.478	20.797	554.95	-0.093700	9.0637	0.067980	vapor
89.000	1.5444	0.21093	4.7408	1.1306	1.8725	83.196	12.478	20.797	556.51	-0.094017	9.0957	0.068236	vapor
89.500	1.5444	0.20976	4.7674	1.1369	1.8829	83.312	12.478	20.797	558.06	-0.094329	9.1275	0.068491	vapor
90.000	1.5444	0.20860	4.7940	1.1431	1.8933	83.428	12.478	20.797	559.61	-0.094636	9.1594	0.068746	vapor
90.500	1.5444	0.20745	4.8205	1.1493	1.9037	83.543	12.478	20.796	561.15	-0.094939	9.1911	0.069000	vapor
91.000	1.5444	0.20631	4.8471	1.1556	1.9141	83.658	12.478	20.796	562.69	-0.095237	9.2229	0.069254	vapor
91.500	1.5444	0.20518	4.8737	1.1618	1.9245	83.772	12.478	20.796	564.23	-0.095530	9.2545	0.069508	vapor
92.000	1.5444	0.20407	4.9003	1.1681	1.9349	83.885	12.478	20.796	565.76	-0.095819	9.2861	0.069761	vapor
92.500	1.5444	0.20297	4.9268	1.1743	1.9453	83.998	12.478	20.796	567.29	-0.096103	9.3177	0.070014	vapor
93.000	1.5444	0.20188	4.9534	1.1805	1.9557	84.110	12.478	20.796	568.81	-0.096383	9.3492	0.070267	vapor
93.500	1.5444	0.20080	4.9800	1.1868	1.9661	84.221	12.478	20.796	570.33	-0.096659	9.3807	0.070519	vapor
94.000	1.5444	0.19974	5.0066	1.1930	1.9765	84.332	12.478	20.795	571.84	-0.096931	9.4121	0.070770	vapor
94.500	1.5444	0.19868	5.0331	1.1992	1.9868	84.443	12.477	20.795	573.35	-0.097198	9.4434	0.071022	vapor
95.000	1.5444	0.19764	5.0597	1.2055	1.9972	84.552	12.477	20.795	574.86	-0.097462	9.4747	0.071272	vapor
95.500	1.5444	0.19661	5.0863	1.2117	2.0076	84.662	12.477	20.795	576.36	-0.097721	9.5060	0.071523	vapor
96.000	1.5444	0.19559	5.1128	1.2180	2.0180	84.770	12.477	20.795	577.86	-0.097976	9.5372	0.071773	vapor
96.500	1.5444	0.19457	5.1394	1.2242	2.0284	84.878	12.477	20.795	579.36	-0.098228	9.5683	0.072023	vapor
97.000	1.5444	0.19357	5.1660	1.2304	2.0388	84.986	12.477	20.795	580.85	-0.098476	9.5994	0.072272	vapor
97.500	1.5444	0.19258	5.1926	1.2367	2.0492	85.093	12.477	20.794	582.34	-0.098720	9.6305	0.072521	vapor
98.000	1.5444	0.19160	5.2191	1.2429	2.0596	85.199	12.477	20.794	583.82	-0.098961	9.6615	0.072770	vapor
98.500	1.5444	0.19063	5.2457	1.2492	2.0700	85.305	12.477	20.794	585.30	-0.099198	9.6925	0.073018	vapor
99.000	1.5444	0.18967	5.2723	1.2554	2.0804	85.410	12.477	20.794	586.78	-0.099431	9.7234	0.073266	vapor
99.500	1.5444	0.18872	5.2988	1.2616	2.0908	85.515	12.477	20.794	588.25	-0.099662	9.7542	0.073514	vapor
100.00	1.5444	0.18778	5.3254	1.2679	2.1012	85.619	12.477	20.794	589.72	-0.099888	9.7851	0.073761	vapor
100.50	1.5444	0.18685	5.3520	1.2741	2.1116	85.723	12.477	20.794	591.19	-0.10011	9.8060	0.074008	vapor
101.00	1.5444	0.18592	5.3785	1.2804	2.1220	85.826	12.477	20.794	592.65	-0.10033	9.8270	0.074254	vapor
101.50	1.5444	0.18501	5.4051	1.2866	2.1324	85.929	12.477	20.793	594.11	-0.10055	9.8479	0.074500	vapor
102.00	1.5444	0.18411	5.4317	1.2928	2.1428	86.031	12.477	20.793	595.56	-0.10076	9.8689	0.074746	vapor
102.50	1.5444	0.18321	5.4583	1.2991	2.1532	86.132	12.477	20.793	597.01	-0.10097	9.8898	0.074992	vapor
103.00	1.5444	0.18232	5.4848	1.3053	2.1636	86.234	12.477	20.793	598.46	-0.10118	9.9107	0.075237	vapor
103.50	1.5444	0.18144	5.5114	1.3116	2.1740	86.334	12.477	20.793	599.90	-0.10138	9.9317	0.075481	vapor
104.00	1.5444	0.18057	5.5380	1.3178	2.1844	86.435	12.477	20.793	601.34	-0.10159	9.9526	0.075726	vapor
104.50	1.5444	0.17971	5.5645	1.3240	2.1948	86.534	12.477	20.793	602.78	-0.10178	9.9735	0.075970	vapor
105.00	1.5444	0.17886	5.5911	1.3303	2.2052	86.634	12.477	20.793	604.22	-0.10198	9.9944	0.076214	vapor
105.50	1.5444	0.17801	5.6177	1.3365	2.2156	86.732	12.477	20.793	605.65	-0.10217	10.015	0.076457	vapor
106.00	1.5444	0.17717	5.6442	1.3427	2.2260	86.831	12.477	20.792	607.07	-0.10236	10.036	0.076700	vapor
106.50	1.5444	0.17634	5.6708	1.3490	2.2364	86.928	12.477	20.792	608.50	-0.10255	10.057	0.076943	vapor
107.00	1.5444	0.17552	5.6974	1.3552	2.2468	87.026	12.477	20.792	609.92	-0.10274	10.078	0.077185	vapor
107.50	1.5444	0.17470	5.7239	1.3615	2.2572	87.123	12.476	20.792	611.33	-0.10292	10.099	0.077428	vapor
108.00	1.5444	0.17390	5.7505	1.3677	2.2676	87.219	12.476	20.792	612.75	-0.10310	10.120	0.077669	vapor
108.50	1.5444	0.17310	5.7771	1.3739	2.2780	87.315	12.476	20.792	614.16	-0.10327	10.141	0.077911	vapor
109.00	1.5444	0.17231	5.8036	1.3802	2.2884	87.411	12.476	20.792	615.56	-0.10345	10.161	0.078152	vapor
109.50	1.5444	0.17152	5.8302	1.3864	2.2987	87.506	12.476	20.792	616.97	-0.10362	10.182	0.078393	vapor
110.00	1.5444	0.17074	5.8568	1.3927	2.3091	87.601	12.476	20.792	618.37	-0.10379	10.203	0.078633	vapor
110.50	1.5444	0.16997	5.8834	1.3989	2.3195	87.695	12.476	20.792	619.77	-0.10396	10.233	0.078873	vapor
111.00	1.5444	0.16921	5.9099	1.4051	2.3299	87.789	12.476	20.792	621.16	-0.10412	10.263	0.079113	vapor
111.50	1.5444	0.16845	5.9365	1.4114	2.3403	87.882	12.476	20.792	622.55	-0.10428	10.294	0.079353	vapor
112.00	1.5444	0.16770	5.9631	1.4176	2.3507	87.975	12.476	20.791	623.94	-0.10444	10.324	0.079592	vapor
112.50	1.5444	0.16696	5.9896	1.4238	2.3611	88.068	12.476	20.791	625.33	-0.10460	10.354	0.079831	vapor
113.00	1.5444	0.16622	6.0162	1.4301	2.3715	88.160	12.476	20.791	626.71	-0.10476	10.384	0.080070	vapor
113.50	1.5444	0.16549	6.0428	1.4363	2.3819	88.252	12.476	20.791	628.09	-0.10491	10.414	0.080308	vapor
114.00	1.5444	0.16476	6.0693	1.4426	2.3923	88.343	12.476	20.791	629.46	-0.10506	10.444	0.080546	vapor
114.50	1.5444	0.16404	6.0959	1.4488	2.4027	88.434	12.476	20.791	630.84	-0.10521	10.474	0.080784	vapor
115.00	1.5444	0.16333	6.1225	1.4550	2.4131	88.525	12.476	20.791	632.21	-0.10536	10.504	0.081021	vapor
115.50	1.5444	0.16263	6.1490	1.4613	2.4235	88.615	12.476	20.791	633.57	-0.10550	10.533	0.081258	vapor
116.00	1.5444	0.16193	6.1756	1.4675	2.4339	88.705	12.476	20.791	634.94	-0.10565	10.563	0.081495	vapor
116.50	1.5444	0.16123	6.2022	1.4738	2.4443	88.794	12.476	20.791	636.30	-0.10579	10.593	0.081732	vapor
117.00	1.5444	0.16055	6.2287	1.4800	2.4547	88.883	12.476	20.791	637.66	-0.10593	10.623	0.081968	vapor
117.50	1.5444	0.15986	6.2553	1.4862	2.4651	88.972	12.476	20.791	639.01	-0.10606	10.652	0.082204	vapor
118.00	1.5444	0.15919	6.2819	1.4925	2.4755	89.060	12.476	20.791	640.37	-0.10620	10.682	0.082440	vapor
118.50	1.5444	0.15852	6.3084	1.4987	2.4859	89.148	12.476	20.790	641.72	-0.10633	10.711	0.082675	vapor
119.00	1.5444	0.15785	6.3350	1.5049	2.4963	89.236	12.476	20.790	643.06	-0.10646	10.741	0.082910	vapor
119.50	1.5444	0.15719	6.3616	1.5112	2.5067	89.323	12.476	20.790	644.41	-0.10659	10.771	0.083145	vapor
120.00	1.5444	0.15654	6.3881	1.5174	2.5171	89.410	12.476	20.790	645.75	-0.10672	10.800	0.083379	vapor
120.50	1.5444	0.15589	6.4147	1.5237	2.5274	89.496	12.476	20.790	647.09	-0.10685	10.829	0.083614	vapor
121.00	1.5444	0.15525	6.4413	1.5299	2.5378	89.582	12.476	20.790	648.42	-0.10697	10.859	0.083848	vapor
121.50	1.5444	0.15461	6.4678	1.5361	2.5482	89.668	12.476	20.790	649.75	-0.10709	10.888	0.084081	vapor
122.00	1.5444	0.15398	6.4944	1.5424	2.5586	89.753	12.476	20.790	651.08	-0.10721	10.918	0.084315	vapor
122.50	1.5444	0.15335	6.5210	1.5486	2.5690	89.838	12.476	20.790	652.41	-0.10733	10.947	0.084548	vapor
123.00	1.5444	0.15273	6.5475	1.5548	2.5794	89.923	12.476	20.790	653.74	-0.10745	10.976	0.084781	vapor
123.50	1.5444	0.15211	6.5741	1.5611	2.5898	90.008	12.476	20.790	655.06	-0.10757	11.005	0.085013	vapor
124.00	1.5444	0.15150	6.6007	1.5673	2.6002	90.092	12.476	20.790	656.38	-0.10768	11.034	0.085246	vapor
124.50	1.5444	0.15089	6.6272	1.5736	2.6106	90.175	12.476	20.790	657.70	-0.10779	11.064	0.085478	vapor
125.00	1.5444	0.15029	6.6538	1.5798	2.6210	90.258	12.476	20.790	659.01	-0.10790	11.093	0.085710	vapor
125.50	1.5444	0.14969	6.6804	1.5860	2.6314	90.341	12.475	20.790	660.32	-0.10801	11.122	0.085941	vapor
126.00	1.5444	0.14910	6.7069	1.5923	2.6418	90.424	12.475	20.790	661.63	-0.10812	11.151	0.086172	vapor
126.50	1.5444	0.14851	6.7335	1.5985	2.6522	90.506	12.475	20.790	662.94	-0.10823	11.180	0.086403	vapor
127.00	1.5444	0.14793	6.7601	1.6047	2.6626	90.588	12.475	20.789	664.24	-0.10833	11.209	0.086634	vapor
127.50	1.5444	0.14735	6.7866	1.6110	2.6730	90.670	12.475	20.789	665.54	-0.10844	11.238	0.086865	vapor
128.00	1.5444	0.14677	6.8132	1.6172	2.6834	90.752	12.475	20.789	666.84	-0.10854	11.267	0.087095	vapor
128.50	1.5444	0.14620	6.8397	1.6235	2.6938	90.833	12.475	20.789	668.14	-0.10864	11.295	0.087325	vapor
129.00	1.5444	0.14564	6.8663	1.6297	2.7042	90.913	12.475	20.789	669.43	-0.10874	11.324	0.087554	vapor
129.50	1.5444	0.14508	6.8929	1.6359	2.7146	90.994	12.475	20.789	670.72	-0.10884	11.353	0.087784	vapor
130.00	1.5444	0.14452	6.9194	1.6422	2.7250	91.074	12.475	20.789	672.01	-0.10893	11.382	0.088013	vapor
130.50	1.5444	0.14397	6.9460	1.6484	2.7353	91.154	12.475	20.789	673.30	-0.10903	11.411	0.088242	vapor
131.00	1.5444	0.14342	6.9726	1.6547	2.7457	91.233	12.475	20.789	674.58	-0.10912	11.439	0.088471	vapor
131.50	1.5444	0.14287	6.9991	1.6609	2.7561	91.312	12.475	20.789	675.86	-0.10922	11.468	0.088699	vapor
132.00	1.5444	0.14233	7.0257	1.6671	2.7665	91.391	12.475	20.789	677.14	-0.10931	11.497	0.088927	vapor
132.50	1.5444	0.14180	7.0523	1.6734	2.7769	91.470	12.475	20.789	678.42	-0.10940	11.525	0.089155	vapor
133.00	1.5444	0.14127	7.0788	1.6796	2.7873	91.548	12.475	20.789	679.69	-0.10949	11.554	0.089383	vapor
133.50	1.5444	0.14074	7.1054	1.6858	2.7977	91.626	12.475	20.789	680.96	-0.10957	11.582	0.089610	vapor
134.00	1.5444	0.14021	7.1320	1.6921	2.8081	91.704	12.475	20.789	682.23	-0.10966	11.611	0.089837	vapor
134.50	1.5444	0.13969	7.1585	1.6983	2.8185	91.781	12.475	20.789	683.50	-0.10975	11.639	0.090064	vapor
135.00	1.5444	0.13918	7.1851	1.7046	2.8289	91.858	12.475	20.789	684.76	-0.10983	11.668	0.090291	vapor
135.50	1.5444	0.13866	7.2117	1.7108	2.8393	91.935	12.475	20.789	686.03	-0.10991	11.696	0.090517	vapor
136.00	1.5444	0.13816	7.2382	1.7170	2.8497	92.012	12.475	20.789	687.29	-0.11000	11.724	0.090743	vapor
136.50	1.5444	0.13765	7.2648	1.7233	2.8601	92.088	12.475	20.789	688.54	-0.11008	11.753	0.090969	vapor
137.00	1.5444	0.13715	7.2914	1.7295	2.8705	92.164	12.475	20.789	689.80	-0.11016	11.781	0.091195	vapor
137.50	1.5444	0.13665	7.3179	1.7357	2.8809	92.240	12.475	20.789	691.05	-0.11024	11.809	0.091421	vapor
138.00	1.5444	0.13616	7.3445	1.7420	2.8913	92.315	12.475	20.789	692.30	-0.11031	11.838	0.091646	vapor
138.50	1.5444	0.13567	7.3711	1.7482	2.9017	92.391	12.475	20.788	693.55	-0.11039	11.866	0.091871	vapor
139.00	1.5444	0.13518	7.3976	1.7544	2.9121	92.465	12.475	20.788	694.80	-0.11046	11.894	0.092096	vapor
139.50	1.5444	0.13469	7.4242	1.7607	2.9224	92.540	12.475	20.788	696.04	-0.11054	11.922	0.092320	vapor
140.00	1.5444	0.13421	7.4507	1.7669	2.9328	92.614	12.475	20.788	697.29	-0.11061	11.950	0.092545	vapor
140.50	1.5444	0.13374	7.4773	1.7732	2.9432	92.689	12.475	20.788	698.52	-0.11068	11.978	0.092769	vapor
141.00	1.5444	0.13326	7.5039	1.7794	2.9536	92.762	12.475	20.788	699.76	-0.11076	12.006	0.092992	vapor
141.50	1.5444	0.13279	7.5304	1.7856	2.9640	92.836	12.475	20.788	701.00	-0.11083	12.034	0.093216	vapor
142.00	1.5444	0.13233	7.5570	1.7919	2.9744	92.909	12.475	20.788	702.23	-0.11089	12.062	0.093439	vapor
142.50	1.5444	0.13186	7.5836	1.7981	2.9848	92.982	12.475	20.788	703.46	-0.11096	12.090	0.093663	vapor
143.00	1.5444	0.13140	7.6101	1.8043	2.9952	93.055	12.475	20.788	704.69	-0.11103	12.118	0.093886	vapor
143.50	1.5444	0.13095	7.6367	1.8106	3.0056	93.128	12.475	20.788	705.92	-0.11110	12.146	0.094108	vapor
144.00	1.5444	0.13049	7.6633	1.8168	3.0160	93.200	12.475	20.788	707.14	-0.11116	12.174	0.094331	vapor
144.50	1.5444	0.13004	7.6898	1.8231	3.0264	93.272	12.475	20.788	708.36	-0.11123	12.202	0.094553	vapor
145.00	1.5444	0.12959	7.7164	1.8293	3.0368	93.344	12.475	20.788	709.58	-0.11129	12.230	0.094775	vapor
145.50	1.5444	0.12915	7.7430	1.8355	3.0472	93.416	12.475	20.788	710.80	-0.11135	12.258	0.094997	vapor
146.00	1.5444	0.12871	7.7695	1.8418	3.0576	93.487	12.475	20.788	712.02	-0.11142	12.286	0.095219	vapor
146.50	1.5444	0.12827	7.7961	1.8480	3.0680	93.558	12.475	20.788	713.23	-0.11148	12.313	0.095440	vapor
147.00	1.5444	0.12783	7.8227	1.8542	3.0784	93.629	12.475	20.788	714.45	-0.11154	12.341	0.095661	vapor
147.50	1.5444	0.12740	7.8492	1.8605	3.0888	93.699	12.475	20.788	715.66	-0.11160	12.369	0.095882	vapor
148.00	1.5444	0.12697	7.8758	1.8667	3.0991	93.770	12.475	20.788	716.86	-0.11165	12.396	0.096103	vapor
148.50	1.5444	0.12654	7.9023	1.8730	3.1095	93.840	12.475	20.788	718.07	-0.11171	12.424	0.096323	vapor
149.00	1.5444	0.12612	7.9289	1.8792	3.1199	93.910	12.475	20.788	719.27	-0.11177	12.452	0.096544	vapor
149.50	1.5444	0.12570	7.9555	1.8854	3.1303	93.979	12.475	20.788	720.48	-0.11183	12.479	0.096764	vapor
150.00	1.5444	0.12528	7.9820	1.8917	3.1407	94.049	12.475	20.788	721.68	-0.11188	12.507	0.096983	vapor
150.50	1.5444	0.12487	8.0086	1.8979	3.1511	94.118	12.475	20.788	722.87	-0.11193	12.534	0.097203	vapor
151.00	1.5444	0.12445	8.0352	1.9041	3.1615	94.187	12.475	20.788	724.07	-0.11199	12.562	0.097423	vapor
151.50	1.5444	0.12404	8.0617	1.9104	3.1719	94.256	12.475	20.788	725.26	-0.11204	12.589	0.097642	vapor
152.00	1.5444	0.12364	8.0883	1.9166	3.1823	94.324	12.475	20.788	726.45	-0.11209	12.617	0.097861	vapor
152.50	1.5444	0.12323	8.1149	1.9229	3.1927	94.392	12.475	20.788	727.64	-0.11214	12.644	0.098080	vapor
153.00	1.5444	0.12283	8.1414	1.9291	3.2031	94.460	12.474	20.788	728.83	-0.11220	12.672	0.098298	vapor
153.50	1.5444	0.12243	8.1680	1.9353	3.2135	94.528	12.474	20.788	730.02	-0.11225	12.699	0.098517	vapor
154.00	1.5444	0.12203	8.1946	1.9416	3.2239	94.596	12.474	20.788	731.20	-0.11229	12.726	0.098735	vapor
154.50	1.5444	0.12164	8.2211	1.9478	3.2343	94.663	12.474	20.787	732.39	-0.11234	12.754	0.098953	vapor
155.00	1.5444	0.12125	8.2477	1.9540	3.2447	94.730	12.474	20.787	733.57	-0.11239	12.781	0.099171	vapor
155.50	1.5444	0.12086	8.2742	1.9603	3.2551	94.797	12.474	20.787	734.74	-0.11244	12.808	0.099388	vapor
156.00	1.5444	0.12047	8.3008	1.9665	3.2654	94.864	12.474	20.787	735.92	-0.11248	12.836	0.099606	vapor
156.50	1.5444	0.12009	8.3274	1.9727	3.2758	94.931	12.474	20.787	737.10	-0.11253	12.863	0.099823	vapor
157.00	1.5444	0.11970	8.3539	1.9790	3.2862	94.997	12.474	20.787	738.27	-0.11257	12.890	0.10004	vapor
157.50	1.5444	0.11932	8.3805	1.9852	3.2966	95.063	12.474	20.787	739.44	-0.11262	12.917	0.10026	vapor
158.00	1.5444	0.11895	8.4071	1.9915	3.3070	95.129	12.474	20.787	740.61	-0.11266	12.944	0.10047	vapor
158.50	1.5444	0.11857	8.4336	1.9977	3.3174	95.195	12.474	20.787	741.78	-0.11271	12.971	0.10069	vapor
159.00	1.5444	0.11820	8.4602	2.0039	3.3278	95.260	12.474	20.787	742.94	-0.11275	12.999	0.10091	vapor
159.50	1.5444	0.11783	8.4868	2.0102	3.3382	95.325	12.474	20.787	744.11	-0.11279	13.026	0.10112	vapor
160.00	1.5444	0.11746	8.5133	2.0164	3.3486	95.390	12.474	20.787	745.27	-0.11283	13.053	0.10134	vapor
160.50	1.5444	0.11710	8.5399	2.0226	3.3590	95.455	12.474	20.787	746.43	-0.11287	13.080	0.10155	vapor
161.00	1.5444	0.11673	8.5664	2.0289	3.3694	95.520	12.474	20.787	747.59	-0.11291	13.107	0.10177	vapor
161.50	1.5444	0.11637	8.5930	2.0351	3.3798	95.584	12.474	20.787	748.74	-0.11295	13.134	0.10198	vapor
162.00	1.5444	0.11601	8.6196	2.0414	3.3902	95.649	12.474	20.787	749.90	-0.11299	13.161	0.10220	vapor
162.50	1.5444	0.11566	8.6461	2.0476	3.4006	95.713	12.474	20.787	751.05	-0.11303	13.188	0.10241	vapor
163.00	1.5444	0.11530	8.6727	2.0538	3.4110	95.776	12.474	20.787	752.20	-0.11307	13.215	0.10263	vapor
163.50	1.5444	0.11495	8.6993	2.0601	3.4213	95.840	12.474	20.787	753.35	-0.11310	13.241	0.10284	vapor
164.00	1.5444	0.11460	8.7258	2.0663	3.4317	95.904	12.474	20.787	754.50	-0.11314	13.268	0.10306	vapor
164.50	1.5444	0.11425	8.7524	2.0725	3.4421	95.967	12.474	20.787	755.64	-0.11318	13.295	0.10327	vapor
165.00	1.5444	0.11391	8.7790	2.0788	3.4525	96.030	12.474	20.787	756.79	-0.11321	13.322	0.10348	vapor
165.50	1.5444	0.11357	8.8055	2.0850	3.4629	96.093	12.474	20.787	757.93	-0.11325	13.349	0.10370	vapor
166.00	1.5444	0.11322	8.8321	2.0912	3.4733	96.156	12.474	20.787	759.07	-0.11328	13.375	0.10391	vapor
166.50	1.5444	0.11288	8.8587	2.0975	3.4837	96.218	12.474	20.787	760.21	-0.11331	13.402	0.10413	vapor
167.00	1.5444	0.11255	8.8852	2.1037	3.4941	96.280	12.474	20.787	761.35	-0.11335	13.429	0.10434	vapor
167.50	1.5444	0.11221	8.9118	2.1100	3.5045	96.343	12.474	20.787	762.48	-0.11338	13.456	0.10455	vapor
168.00	1.5444	0.11188	8.9383	2.1162	3.5149	96.405	12.474	20.787	763.62	-0.11341	13.482	0.10476	vapor
168.50	1.5444	0.11155	8.9649	2.1224	3.5253	96.466	12.474	20.787	764.75	-0.11344	13.509	0.10498	vapor
169.00	1.5444	0.11122	8.9915	2.1287	3.5357	96.528	12.474	20.787	765.88	-0.11347	13.536	0.10519	vapor
169.50	1.5444	0.11089	9.0180	2.1349	3.5461	96.589	12.474	20.787	767.01	-0.11350	13.562	0.10540	vapor
170.00	1.5444	0.11056	9.0446	2.1411	3.5565	96.651	12.474	20.787	768.14	-0.11353	13.589	0.10561	vapor
170.50	1.5444	0.11024	9.0712	2.1474	3.5669	96.712	12.474	20.787	769.26	-0.11356	13.615	0.10583	vapor
171.00	1.5444	0.10992	9.0977	2.1536	3.5773	96.772	12.474	20.787	770.39	-0.11359	13.642	0.10604	vapor
171.50	1.5444	0.10960	9.1243	2.1598	3.5876	96.833	12.474	20.787	771.51	-0.11362	13.668	0.10625	vapor
172.00	1.5444	0.10928	9.1509	2.1661	3.5980	96.894	12.474	20.787	772.63	-0.11365	13.695	0.10646	vapor
172.50	1.5444	0.10896	9.1774	2.1723	3.6084	96.954	12.474	20.787	773.75	-0.11368	13.721	0.10667	vapor
173.00	1.5444	0.10865	9.2040	2.1786	3.6188	97.014	12.474	20.787	774.86	-0.11371	13.748	0.10688	vapor
173.50	1.5444	0.10834	9.2305	2.1848	3.6292	97.074	12.474	20.787	775.98	-0.11373	13.774	0.10709	vapor
174.00	1.5444	0.10803	9.2571	2.1910	3.6396	97.134	12.474	20.787	777.09	-0.11376	13.801	0.10730	vapor
174.50	1.5444	0.10772	9.2837	2.1973	3.6500	97.194	12.474	20.787	778.21	-0.11378	13.827	0.10751	vapor
175.00	1.5444	0.10741	9.3102	2.2035	3.6604	97.253	12.474	20.787	779.32	-0.11381	13.854	0.10772	vapor
175.50	1.5444	0.10710	9.3368	2.2097	3.6708	97.312	12.474	20.787	780.43	-0.11383	13.880	0.10793	vapor
176.00	1.5444	0.10680	9.3634	2.2160	3.6812	97.372	12.474	20.787	781.54	-0.11386	13.906	0.10814	vapor
176.50	1.5444	0.10650	9.3899	2.2222	3.6916	97.430	12.474	20.787	782.64	-0.11388	13.932	0.10835	vapor
177.00	1.5444	0.10620	9.4165	2.2285	3.7020	97.489	12.474	20.787	783.75	-0.11391	13.959	0.10856	vapor
177.50	1.5444	0.10590	9.4431	2.2347	3.7124	97.548	12.474	20.787	784.85	-0.11393	13.985	0.10877	vapor
178.00	1.5444	0.10560	9.4696	2.2409	3.7228	97.606	12.474	20.787	785.95	-0.11395	14.011	0.10898	vapor
178.50	1.5444	0.10531	9.4962	2.2472	3.7332	97.665	12.474	20.787	787.05	-0.11398	14.038	0.10919	vapor
179.00	1.5444	0.10501	9.5227	2.2534	3.7435	97.723	12.474	20.787	788.15	-0.11400	14.064	0.10940	vapor
179.50	1.5444	0.10472	9.5493	2.2596	3.7539	97.781	12.474	20.787	789.25	-0.11402	14.090	0.10961	vapor
180.00	1.5444	0.10443	9.5759	2.2659	3.7643	97.839	12.474	20.787	790.34	-0.11404	14.116	0.10982	vapor
180.50	1.5444	0.10414	9.6024	2.2721	3.7747	97.896	12.474	20.787	791.44	-0.11406	14.142	0.11003	vapor
181.00	1.5444	0.10385	9.6290	2.2783	3.7851	97.954	12.474	20.786	792.53	-0.11408	14.168	0.11023	vapor
181.50	1.5444	0.10357	9.6556	2.2846	3.7955	98.011	12.474	20.786	793.62	-0.11410	14.194	0.11044	vapor
182.00	1.5444	0.10328	9.6821	2.2908	3.8059	98.068	12.474	20.786	794.71	-0.11412	14.220	0.11065	vapor
182.50	1.5444	0.10300	9.7087	2.2971	3.8163	98.125	12.474	20.786	795.80	-0.11414	14.247	0.11086	vapor
183.00	1.5444	0.10272	9.7352	2.3033	3.8267	98.182	12.474	20.786	796.88	-0.11416	14.273	0.11106	vapor
183.50	1.5444	0.10244	9.7618	2.3095	3.8371	98.239	12.474	20.786	797.97	-0.11418	14.299	0.11127	vapor
184.00	1.5444	0.10216	9.7884	2.3158	3.8475	98.296	12.474	20.786	799.05	-0.11420	14.325	0.11148	vapor
184.50	1.5444	0.10189	9.8149	2.3220	3.8579	98.352	12.474	20.786	800.14	-0.11422	14.351	0.11169	vapor
185.00	1.5444	0.10161	9.8415	2.3282	3.8683	98.408	12.474	20.786	801.22	-0.11423	14.377	0.11189	vapor
185.50	1.5444	0.10134	9.8681	2.3345	3.8787	98.464	12.474	20.786	802.30	-0.11425	14.402	0.11210	vapor
186.00	1.5444	0.10106	9.8946	2.3407	3.8890	98.520	12.474	20.786	803.37	-0.11427	14.428	0.11231	vapor
186.50	1.5444	0.10079	9.9212	2.3469	3.8994	98.576	12.474	20.786	804.45	-0.11428	14.454	0.11251	vapor
187.00	1.5444	0.10053	9.9478	2.3532	3.9098	98.632	12.474	20.786	805.52	-0.11430	14.480	0.11272	vapor
187.50	1.5444	0.10026	9.9743	2.3594	3.9202	98.687	12.474	20.786	806.60	-0.11432	14.506	0.11293	vapor
188.00	1.5444	0.099991	10.001	2.3657	3.9306	98.743	12.474	20.786	807.67	-0.11433	14.532	0.11313	vapor
188.50	1.5444	0.099726	10.027	2.3719	3.9410	98.798	12.474	20.786	808.74	-0.11435	14.558	0.11334	vapor
189.00	1.5444	0.099463	10.054	2.3781	3.9514	98.853	12.474	20.786	809.81	-0.11436	14.584	0.11354	vapor
189.50	1.5444	0.099201	10.081	2.3844	3.9618	98.908	12.474	20.786	810.88	-0.11438	14.609	0.11375	vapor
190.00	1.5444	0.098940	10.107	2.3906	3.9722	98.963	12.474	20.786	811.94	-0.11439	14.635	0.11395	vapor
190.50	1.5444	0.098681	10.134	2.3968	3.9826	99.017	12.474	20.786	813.01	-0.11440	14.661	0.11416	vapor
191.00	1.5444	0.098423	10.160	2.4031	3.9930	99.072	12.474	20.786	814.07	-0.11442	14.687	0.11436	vapor
191.50	1.5444	0.098166	10.187	2.4093	4.0034	99.126	12.474	20.786	815.13	-0.11443	14.712	0.11457	vapor
192.00	1.5444	0.097911	10.213	2.4155	4.0138	99.180	12.474	20.786	816.19	-0.11444	14.738	0.11477	vapor
192.50	1.5444	0.097657	10.240	2.4218	4.0242	99.234	12.474	20.786	817.25	-0.11446	14.764	0.11498	vapor
193.00	1.5444	0.097404	10.267	2.4280	4.0346	99.288	12.474	20.786	818.31	-0.11447	14.789	0.11518	vapor
193.50	1.5444	0.097153	10.293	2.4343	4.0449	99.342	12.474	20.786	819.37	-0.11448	14.815	0.11539	vapor
194.00	1.5444	0.096903	10.320	2.4405	4.0553	99.396	12.474	20.786	820.42	-0.11449	14.841	0.11559	vapor
194.50	1.5444	0.096654	10.346	2.4467	4.0657	99.449	12.474	20.786	821.48	-0.11451	14.866	0.11579	vapor
195.00	1.5444	0.096406	10.373	2.4530	4.0761	99.502	12.474	20.786	822.53	-0.11452	14.892	0.11600	vapor
195.50	1.5444	0.096160	10.399	2.4592	4.0865	99.556	12.474	20.786	823.58	-0.11453	14.917	0.11620	vapor
196.00	1.5444	0.095915	10.426	2.4654	4.0969	99.609	12.474	20.786	824.63	-0.11454	14.943	0.11641	vapor
196.50	1.5444	0.095671	10.452	2.4717	4.1073	99.662	12.474	20.786	825.68	-0.11455	14.968	0.11661	vapor
197.00	1.5444	0.095429	10.479	2.4779	4.1177	99.715	12.474	20.786	826.73	-0.11456	14.994	0.11681	vapor
197.50	1.5444	0.095187	10.506	2.4841	4.1281	99.767	12.474	20.786	827.77	-0.11457	15.019	0.11701	vapor
198.00	1.5444	0.094947	10.532	2.4904	4.1385	99.820	12.474	20.786	828.82	-0.11458	15.045	0.11722	vapor
198.50	1.5444	0.094708	10.559	2.4966	4.1489	99.872	12.474	20.786	829.86	-0.11459	15.070	0.11742	vapor
199.00	1.5444	0.094471	10.585	2.5029	4.1593	99.925	12.474	20.786	830.90	-0.11460	15.096	0.11762	vapor
199.50	1.5444	0.094234	10.612	2.5091	4.1697	99.977	12.474	20.786	831.94	-0.11461	15.121	0.11783	vapor
200.00	1.5444	0.093999	10.638	2.5153	4.1801	100.03	12.474	20.786	832.98	-0.11461	15.146	0.11803	vapor
200.50	1.5444	0.093765	10.665	2.5216	4.1904	100.08	12.474	20.786	834.02	-0.11462	15.172	0.11823	vapor
201.00	1.5444	0.093532	10.692	2.5278	4.2008	100.13	12.474	20.786	835.06	-0.11463	15.197	0.11843	vapor
201.50	1.5444	0.093300	10.718	2.5340	4.2112	100.18	12.473	20.786	836.09	-0.11464	15.223	0.11863	vapor
202.00	1.5444	0.093069	10.745	2.5403	4.2216	100.24	12.473	20.786	837.13	-0.11465	15.248	0.11883	vapor
202.50	1.5444	0.092840	10.771	2.5465	4.2320	100.29	12.473	20.786	838.16	-0.11465	15.273	0.11904	vapor
203.00	1.5444	0.092612	10.798	2.5527	4.2424	100.34	12.473	20.786	839.19	-0.11466	15.298	0.11924	vapor
203.50	1.5444	0.092384	10.824	2.5590	4.2528	100.39	12.473	20.786	840.22	-0.11467	15.324	0.11944	vapor
204.00	1.5444	0.092158	10.851	2.5652	4.2632	100.44	12.473	20.786	841.25	-0.11467	15.349	0.11964	vapor
204.50	1.5444	0.091933	10.877	2.5715	4.2736	100.49	12.473	20.786	842.28	-0.11468	15.374	0.11984	vapor
205.00	1.5444	0.091709	10.904	2.5777	4.2840	100.54	12.473	20.786	843.31	-0.11469	15.399	0.12004	vapor
205.50	1.5444	0.091486	10.931	2.5839	4.2944	100.59	12.473	20.786	844.33	-0.11469	15.425	0.12024	vapor
206.00	1.5444	0.091264	10.957	2.5902	4.3048	100.64	12.473	20.786	845.36	-0.11470	15.450	0.12044	vapor
206.50	1.5444	0.091044	10.984	2.5964	4.3152	100.69	12.473	20.786	846.38	-0.11470	15.475	0.12064	vapor
207.00	1.5444	0.090824	11.010	2.6026	4.3256	100.74	12.473	20.786	847.40	-0.11471	15.500	0.12084	vapor
207.50	1.5444	0.090606	11.037	2.6089	4.3360	100.79	12.473	20.786	848.42	-0.11471	15.525	0.12104	vapor
208.00	1.5444	0.090388	11.063	2.6151	4.3463	100.84	12.473	20.786	849.44	-0.11472	15.550	0.12124	vapor
208.50	1.5444	0.090171	11.090	2.6213	4.3567	100.89	12.473	20.786	850.46	-0.11472	15.576	0.12144	vapor
209.00	1.5444	0.089956	11.117	2.6276	4.3671	100.94	12.473	20.786	851.48	-0.11473	15.601	0.12164	vapor
209.50	1.5444	0.089742	11.143	2.6338	4.3775	100.99	12.473	20.786	852.49	-0.11473	15.626	0.12184	vapor
210.00	1.5444	0.089528	11.170	2.6401	4.3879	101.04	12.473	20.786	853.51	-0.11474	15.651	0.12204	vapor
210.50	1.5444	0.089316	11.196	2.6463	4.3983	101.09	12.473	20.786	854.52	-0.11474	15.676	0.12224	vapor
211.00	1.5444	0.089104	11.223	2.6525	4.4087	101.14	12.473	20.786	855.53	-0.11474	15.701	0.12244	vapor
211.50	1.5444	0.088894	11.249	2.6588	4.4191	101.19	12.473	20.786	856.54	-0.11475	15.726	0.12264	vapor
212.00	1.5444	0.088685	11.276	2.6650	4.4295	101.24	12.473	20.786	857.55	-0.11475	15.751	0.12284	vapor
212.50	1.5444	0.088476	11.302	2.6712	4.4399	101.29	12.473	20.786	858.56	-0.11475	15.776	0.12304	vapor
213.00	1.5444	0.088269	11.329	2.6775	4.4503	101.34	12.473	20.786	859.57	-0.11476	15.801	0.12324	vapor
213.50	1.5444	0.088062	11.356	2.6837	4.4607	101.39	12.473	20.786	860.57	-0.11476	15.826	0.12343	vapor
214.00	1.5444	0.087857	11.382	2.6899	4.4711	101.44	12.473	20.786	861.58	-0.11476	15.851	0.12363	vapor
214.50	1.5444	0.087652	11.409	2.6962	4.4815	101.48	12.473	20.786	862.58	-0.11476	15.876	0.12383	vapor
215.00	1.5444	0.087448	11.435	2.7024	4.4918	101.53	12.473	20.786	863.58	-0.11477	15.900	0.12403	vapor
215.50	1.5444	0.087246	11.462	2.7087	4.5022	101.58	12.473	20.786	864.59	-0.11477	15.925	0.12423	vapor
216.00	1.5444	0.087044	11.488	2.7149	4.5126	101.63	12.473	20.786	865.59	-0.11477	15.950	0.12442	vapor
216.50	1.5444	0.086843	11.515	2.7211	4.5230	101.68	12.473	20.786	866.58	-0.11477	15.975	0.12462	vapor
217.00	1.5444	0.086643	11.542	2.7274	4.5334	101.72	12.473	20.786	867.58	-0.11477	16.000	0.12482	vapor
217.50	1.5444	0.086444	11.568	2.7336	4.5438	101.77	12.473	20.786	868.58	-0.11477	16.025	0.12502	vapor
218.00	1.5444	0.086246	11.595	2.7398	4.5542	101.82	12.473	20.786	869.58	-0.11477	16.049	0.12521	vapor
218.50	1.5444	0.086049	11.621	2.7461	4.5646	101.87	12.473	20.786	870.57	-0.11477	16.074	0.12541	vapor
219.00	1.5444	0.085853	11.648	2.7523	4.5750	101.92	12.473	20.786	871.56	-0.11478	16.099	0.12561	vapor
219.50	1.5444	0.085658	11.674	2.7585	4.5854	101.96	12.473	20.786	872.56	-0.11478	16.124	0.12581	vapor
220.00	1.5444	0.085463	11.701	2.7648	4.5958	102.01	12.473	20.786	873.55	-0.11478	16.148	0.12600	vapor
220.50	1.5444	0.085270	11.728	2.7710	4.6062	102.06	12.473	20.786	874.54	-0.11478	16.173	0.12620	vapor
221.00	1.5444	0.085077	11.754	2.7772	4.6166	102.10	12.473	20.786	875.53	-0.11478	16.198	0.12639	vapor
221.50	1.5444	0.084885	11.781	2.7835	4.6270	102.15	12.473	20.786	876.51	-0.11478	16.223	0.12659	vapor
222.00	1.5444	0.084694	11.807	2.7897	4.6373	102.20	12.473	20.786	877.50	-0.11478	16.247	0.12679	vapor
222.50	1.5444	0.084504	11.834	2.7960	4.6477	102.24	12.473	20.786	878.49	-0.11477	16.272	0.12698	vapor
223.00	1.5444	0.084315	11.860	2.8022	4.6581	102.29	12.473	20.786	879.47	-0.11477	16.297	0.12718	vapor
223.50	1.5444	0.084126	11.887	2.8084	4.6685	102.34	12.473	20.786	880.45	-0.11477	16.321	0.12738	vapor
224.00	1.5444	0.083939	11.913	2.8147	4.6789	102.38	12.473	20.786	881.43	-0.11477	16.346	0.12757	vapor
224.50	1.5444	0.083752	11.940	2.8209	4.6893	102.43	12.473	20.786	882.42	-0.11477	16.370	0.12777	vapor
225.00	1.5444	0.083566	11.967	2.8271	4.6997	102.48	12.473	20.786	883.40	-0.11477	16.395	0.12796	vapor
225.50	1.5444	0.083381	11.993	2.8334	4.7101	102.52	12.473	20.786	884.38	-0.11477	16.419	0.12816	vapor
226.00	1.5444	0.083197	12.020	2.8396	4.7205	102.57	12.473	20.786	885.35	-0.11477	16.444	0.12835	vapor
226.50	1.5444	0.083013	12.046	2.8458	4.7309	102.62	12.473	20.786	886.33	-0.11476	16.469	0.12855	vapor
227.00	1.5444	0.082831	12.073	2.8521	4.7413	102.66	12.473	20.786	887.31	-0.11476	16.493	0.12874	vapor
227.50	1.5444	0.082649	12.099	2.8583	4.7517	102.71	12.473	20.786	888.28	-0.11476	16.518	0.12894	vapor
228.00	1.5444	0.082468	12.126	2.8646	4.7621	102.75	12.473	20.786	889.25	-0.11476	16.542	0.12913	vapor
228.50	1.5444	0.082287	12.153	2.8708	4.7725	102.80	12.473	20.786	890.23	-0.11476	16.567	0.12933	vapor
229.00	1.5444	0.082108	12.179	2.8770	4.7828	102.84	12.473	20.786	891.20	-0.11475	16.591	0.12952	vapor
229.50	1.5444	0.081929	12.206	2.8833	4.7932	102.89	12.473	20.786	892.17	-0.11475	16.615	0.12972	vapor
230.00	1.5444	0.081751	12.232	2.8895	4.8036	102.93	12.473	20.786	893.14	-0.11475	16.640	0.12991	vapor
230.50	1.5444	0.081574	12.259	2.8957	4.8140	102.98	12.473	20.786	894.11	-0.11474	16.664	0.13010	vapor
231.00	1.5444	0.081398	12.285	2.9020	4.8244	103.02	12.473	20.786	895.07	-0.11474	16.689	0.13030	vapor
231.50	1.5444	0.081222	12.312	2.9082	4.8348	103.07	12.473	20.786	896.04	-0.11474	16.713	0.13049	vapor
232.00	1.5444	0.081047	12.338	2.9144	4.8452	103.11	12.473	20.786	897.00	-0.11473	16.737	0.13068	vapor
232.50	1.5444	0.080873	12.365	2.9207	4.8556	103.16	12.473	20.786	897.97	-0.11473	16.762	0.13088	vapor
233.00	1.5444	0.080700	12.392	2.9269	4.8660	103.20	12.473	20.786	898.93	-0.11473	16.786	0.13107	vapor
233.50	1.5444	0.080527	12.418	2.9332	4.8764	103.25	12.473	20.786	899.89	-0.11472	16.811	0.13127	vapor
234.00	1.5444	0.080355	12.445	2.9394	4.8868	103.29	12.473	20.786	900.85	-0.11472	16.835	0.13146	vapor
234.50	1.5444	0.080184	12.471	2.9456	4.8972	103.34	12.473	20.786	901.81	-0.11472	16.859	0.13165	vapor
235.00	1.5444	0.080014	12.498	2.9519	4.9076	103.38	12.473	20.786	902.77	-0.11471	16.883	0.13184	vapor
235.50	1.5444	0.079844	12.524	2.9581	4.9180	103.42	12.473	20.786	903.73	-0.11471	16.908	0.13204	vapor
236.00	1.5444	0.079675	12.551	2.9643	4.9283	103.47	12.473	20.786	904.69	-0.11470	16.932	0.13223	vapor
236.50	1.5444	0.079507	12.578	2.9706	4.9387	103.51	12.473	20.786	905.64	-0.11470	16.956	0.13242	vapor
237.00	1.5444	0.079339	12.604	2.9768	4.9491	103.56	12.473	20.786	906.60	-0.11469	16.980	0.13262	vapor
237.50	1.5444	0.079172	12.631	2.9830	4.9595	103.60	12.473	20.786	907.55	-0.11469	17.005	0.13281	vapor
238.00	1.5444	0.079006	12.657	2.9893	4.9699	103.64	12.473	20.786	908.51	-0.11468	17.029	0.13300	vapor
238.50	1.5444	0.078841	12.684	2.9955	4.9803	103.69	12.473	20.786	909.46	-0.11468	17.053	0.13319	vapor
239.00	1.5444	0.078676	12.710	3.0017	4.9907	103.73	12.473	20.786	910.41	-0.11467	17.077	0.13338	vapor
239.50	1.5444	0.078512	12.737	3.0080	5.0011	103.78	12.473	20.786	911.36	-0.11467	17.101	0.13358	vapor
240.00	1.5444	0.078349	12.763	3.0142	5.0115	103.82	12.473	20.786	912.31	-0.11466	17.125	0.13377	vapor
240.50	1.5444	0.078186	12.790	3.0205	5.0219	103.86	12.473	20.786	913.26	-0.11466	17.150	0.13396	vapor
241.00	1.5444	0.078024	12.817	3.0267	5.0323	103.90	12.473	20.786	914.20	-0.11465	17.174	0.13415	vapor
241.50	1.5444	0.077862	12.843	3.0329	5.0427	103.95	12.473	20.786	915.15	-0.11465	17.198	0.13434	vapor
242.00	1.5444	0.077702	12.870	3.0392	5.0531	103.99	12.473	20.786	916.09	-0.11464	17.222	0.13453	vapor
242.50	1.5444	0.077542	12.896	3.0454	5.0635	104.03	12.473	20.786	917.04	-0.11464	17.246	0.13473	vapor
243.00	1.5444	0.077382	12.923	3.0516	5.0738	104.08	12.473	20.786	917.98	-0.11463	17.270	0.13492	vapor
243.50	1.5444	0.077224	12.949	3.0579	5.0842	104.12	12.473	20.786	918.92	-0.11462	17.294	0.13511	vapor
244.00	1.5444	0.077065	12.976	3.0641	5.0946	104.16	12.473	20.786	919.86	-0.11462	17.318	0.13530	vapor
244.50	1.5444	0.076908	13.003	3.0703	5.1050	104.20	12.473	20.786	920.80	-0.11461	17.342	0.13549	vapor
245.00	1.5444	0.076751	13.029	3.0766	5.1154	104.25	12.473	20.786	921.74	-0.11460	17.366	0.13568	vapor
245.50	1.5444	0.076595	13.056	3.0828	5.1258	104.29	12.473	20.786	922.68	-0.11460	17.390	0.13587	vapor
246.00	1.5444	0.076440	13.082	3.0891	5.1362	104.33	12.473	20.786	923.62	-0.11459	17.414	0.13606	vapor
246.50	1.5444	0.076285	13.109	3.0953	5.1466	104.37	12.473	20.786	924.56	-0.11458	17.438	0.13625	vapor
247.00	1.5444	0.076130	13.135	3.1015	5.1570	104.42	12.473	20.786	925.49	-0.11458	17.462	0.13644	vapor
247.50	1.5444	0.075977	13.162	3.1078	5.1674	104.46	12.473	20.786	926.43	-0.11457	17.486	0.13663	vapor
248.00	1.5444	0.075824	13.188	3.1140	5.1778	104.50	12.473	20.786	927.36	-0.11456	17.510	0.13682	vapor
248.50	1.5444	0.075671	13.215	3.1202	5.1882	104.54	12.473	20.786	928.29	-0.11456	17.534	0.13701	vapor
249.00	1.5444	0.075520	13.242	3.1265	5.1986	104.58	12.473	20.786	929.22	-0.11455	17.558	0.13720	vapor
249.50	1.5444	0.075368	13.268	3.1327	5.2090	104.63	12.473	20.786	930.15	-0.11454	17.582	0.13739	vapor
250.00	1.5444	0.075218	13.295	3.1389	5.2193	104.67	12.473	20.786	931.08	-0.11453	17.605	0.13758	vapor
250.50	1.5444	0.075068	13.321	3.1452	5.2297	104.71	12.473	20.786	932.01	-0.11453	17.629	0.13777	vapor
251.00	1.5444	0.074918	13.348	3.1514	5.2401	104.75	12.473	20.785	932.94	-0.11452	17.653	0.13796	vapor
251.50	1.5444	0.074770	13.374	3.1577	5.2505	104.79	12.473	20.785	933.87	-0.11451	17.677	0.13815	vapor
252.00	1.5444	0.074621	13.401	3.1639	5.2609	104.83	12.473	20.785	934.79	-0.11450	17.701	0.13834	vapor
252.50	1.5444	0.074474	13.428	3.1701	5.2713	104.87	12.473	20.785	935.72	-0.11450	17.725	0.13853	vapor
253.00	1.5444	0.074327	13.454	3.1764	5.2817	104.91	12.473	20.785	936.64	-0.11449	17.748	0.13871	vapor
253.50	1.5444	0.074180	13.481	3.1826	5.2921	104.96	12.473	20.785	937.57	-0.11448	17.772	0.13890	vapor
254.00	1.5444	0.074034	13.507	3.1888	5.3025	105.00	12.473	20.785	938.49	-0.11447	17.796	0.13909	vapor
254.50	1.5444	0.073889	13.534	3.1951	5.3129	105.04	12.473	20.785	939.41	-0.11446	17.820	0.13928	vapor
255.00	1.5444	0.073744	13.560	3.2013	5.3233	105.08	12.473	20.785	940.33	-0.11446	17.844	0.13947	vapor
255.50	1.5444	0.073600	13.587	3.2075	5.3337	105.12	12.473	20.785	941.25	-0.11445	17.867	0.13966	vapor
256.00	1.5444	0.073456	13.613	3.2138	5.3441	105.16	12.473	20.785	942.17	-0.11444	17.891	0.13985	vapor
256.50	1.5444	0.073313	13.640	3.2200	5.3544	105.20	12.473	20.785	943.09	-0.11443	17.915	0.14003	vapor
257.00	1.5444	0.073171	13.667	3.2262	5.3648	105.24	12.473	20.785	944.01	-0.11442	17.938	0.14022	vapor
257.50	1.5444	0.073029	13.693	3.2325	5.3752	105.28	12.473	20.785	944.92	-0.11441	17.962	0.14041	vapor
258.00	1.5444	0.072888	13.720	3.2387	5.3856	105.32	12.473	20.785	945.84	-0.11440	17.986	0.14060	vapor
258.50	1.5444	0.072747	13.746	3.2450	5.3960	105.36	12.473	20.785	946.75	-0.11440	18.009	0.14078	vapor
259.00	1.5444	0.072606	13.773	3.2512	5.4064	105.40	12.473	20.785	947.66	-0.11439	18.033	0.14097	vapor
259.50	1.5444	0.072467	13.799	3.2574	5.4168	105.44	12.473	20.785	948.58	-0.11438	18.057	0.14116	vapor
260.00	1.5444	0.072327	13.826	3.2637	5.4272	105.48	12.473	20.785	949.49	-0.11437	18.080	0.14135	vapor
260.50	1.5444	0.072189	13.853	3.2699	5.4376	105.52	12.473	20.785	950.40	-0.11436	18.104	0.14153	vapor
261.00	1.5444	0.072051	13.879	3.2761	5.4480	105.56	12.473	20.785	951.31	-0.11435	18.127	0.14172	vapor
261.50	1.5444	0.071913	13.906	3.2824	5.4584	105.60	12.473	20.785	952.22	-0.11434	18.151	0.14191	vapor
262.00	1.5444	0.071776	13.932	3.2886	5.4688	105.64	12.473	20.785	953.13	-0.11433	18.175	0.14210	vapor
262.50	1.5444	0.071639	13.959	3.2948	5.4792	105.68	12.473	20.785	954.03	-0.11432	18.198	0.14228	vapor
263.00	1.5444	0.071503	13.985	3.3011	5.4896	105.72	12.473	20.785	954.94	-0.11431	18.222	0.14247	vapor
263.50	1.5444	0.071368	14.012	3.3073	5.4999	105.76	12.473	20.785	955.85	-0.11430	18.245	0.14266	vapor
264.00	1.5444	0.071233	14.039	3.3136	5.5103	105.80	12.473	20.785	956.75	-0.11429	18.269	0.14284	vapor
264.50	1.5444	0.071098	14.065	3.3198	5.5207	105.84	12.473	20.785	957.66	-0.11428	18.292	0.14303	vapor
265.00	1.5444	0.070964	14.092	3.3260	5.5311	105.88	12.473	20.785	958.56	-0.11427	18.316	0.14322	vapor
265.50	1.5444	0.070831	14.118	3.3323	5.5415	105.92	12.473	20.785	959.46	-0.11426	18.339	0.14340	vapor
266.00	1.5444	0.070698	14.145	3.3385	5.5519	105.96	12.473	20.785	960.36	-0.11425	18.363	0.14359	vapor
266.50	1.5444	0.070565	14.171	3.3447	5.5623	106.00	12.473	20.785	961.26	-0.11424	18.386	0.14377	vapor
267.00	1.5444	0.070433	14.198	3.3510	5.5727	106.03	12.473	20.785	962.16	-0.11423	18.410	0.14396	vapor
267.50	1.5444	0.070301	14.224	3.3572	5.5831	106.07	12.473	20.785	963.06	-0.11422	18.433	0.14415	vapor
268.00	1.5444	0.070170	14.251	3.3634	5.5935	106.11	12.473	20.785	963.96	-0.11421	18.456	0.14433	vapor
268.50	1.5444	0.070040	14.278	3.3697	5.6039	106.15	12.473	20.785	964.86	-0.11420	18.480	0.14452	vapor
269.00	1.5444	0.069910	14.304	3.3759	5.6143	106.19	12.473	20.785	965.75	-0.11419	18.503	0.14470	vapor
269.50	1.5444	0.069780	14.331	3.3821	5.6247	106.23	12.473	20.785	966.65	-0.11418	18.527	0.14489	vapor
270.00	1.5444	0.069651	14.357	3.3884	5.6351	106.27	12.473	20.785	967.54	-0.11417	18.550	0.14507	vapor
270.50	1.5444	0.069522	14.384	3.3946	5.6454	106.31	12.473	20.785	968.44	-0.11416	18.573	0.14526	vapor
271.00	1.5444	0.069394	14.410	3.4009	5.6558	106.34	12.473	20.785	969.33	-0.11415	18.597	0.14544	vapor
271.50	1.5444	0.069267	14.437	3.4071	5.6662	106.38	12.473	20.785	970.22	-0.11414	18.620	0.14563	vapor
272.00	1.5444	0.069139	14.464	3.4133	5.6766	106.42	12.473	20.785	971.12	-0.11413	18.643	0.14581	vapor
272.50	1.5444	0.069013	14.490	3.4196	5.6870	106.46	12.473	20.785	972.01	-0.11412	18.667	0.14600	vapor
273.00	1.5444	0.068886	14.517	3.4258	5.6974	106.50	12.473	20.785	972.90	-0.11411	18.690	0.14618	vapor
273.50	1.5444	0.068761	14.543	3.4320	5.7078	106.53	12.473	20.785	973.78	-0.11410	18.713	0.14637	vapor
274.00	1.5444	0.068635	14.570	3.4383	5.7182	106.57	12.473	20.785	974.67	-0.11409	18.737	0.14655	vapor
274.50	1.5444	0.068510	14.596	3.4445	5.7286	106.61	12.473	20.785	975.56	-0.11407	18.760	0.14674	vapor
275.00	1.5444	0.068386	14.623	3.4507	5.7390	106.65	12.473	20.785	976.45	-0.11406	18.783	0.14692	vapor
275.50	1.5444	0.068262	14.649	3.4570	5.7494	106.69	12.473	20.785	977.33	-0.11405	18.806	0.14710	vapor
276.00	1.5444	0.068138	14.676	3.4632	5.7598	106.72	12.473	20.785	978.22	-0.11404	18.830	0.14729	vapor
276.50	1.5444	0.068015	14.703	3.4694	5.7702	106.76	12.473	20.785	979.10	-0.11403	18.853	0.14747	vapor
277.00	1.5444	0.067893	14.729	3.4757	5.7806	106.80	12.473	20.785	979.99	-0.11402	18.876	0.14766	vapor
277.50	1.5444	0.067770	14.756	3.4819	5.7909	106.84	12.473	20.785	980.87	-0.11401	18.899	0.14784	vapor
278.00	1.5444	0.067649	14.782	3.4882	5.8013	106.87	12.473	20.785	981.75	-0.11400	18.922	0.14802	vapor
278.50	1.5444	0.067527	14.809	3.4944	5.8117	106.91	12.473	20.785	982.63	-0.11398	18.946	0.14821	vapor
279.00	1.5444	0.067406	14.835	3.5006	5.8221	106.95	12.473	20.785	983.51	-0.11397	18.969	0.14839	vapor
279.50	1.5444	0.067286	14.862	3.5069	5.8325	106.99	12.473	20.785	984.39	-0.11396	18.992	0.14858	vapor
280.00	1.5444	0.067166	14.889	3.5131	5.8429	107.02	12.473	20.785	985.27	-0.11395	19.015	0.14876	vapor
280.50	1.5444	0.067046	14.915	3.5193	5.8533	107.06	12.473	20.785	986.15	-0.11394	19.038	0.14894	vapor
281.00	1.5444	0.066927	14.942	3.5256	5.8637	107.10	12.473	20.785	987.02	-0.11393	19.061	0.14913	vapor
281.50	1.5444	0.066808	14.968	3.5318	5.8741	107.13	12.473	20.785	987.90	-0.11391	19.084	0.14931	vapor
282.00	1.5444	0.066690	14.995	3.5380	5.8845	107.17	12.473	20.785	988.78	-0.11390	19.107	0.14949	vapor
282.50	1.5444	0.066572	15.021	3.5443	5.8949	107.21	12.473	20.785	989.65	-0.11389	19.131	0.14967	vapor
283.00	1.5444	0.066454	15.048	3.5505	5.9053	107.24	12.473	20.785	990.52	-0.11388	19.154	0.14986	vapor
283.50	1.5444	0.066337	15.074	3.5568	5.9157	107.28	12.473	20.785	991.40	-0.11387	19.177	0.15004	vapor
284.00	1.5444	0.066221	15.101	3.5630	5.9260	107.32	12.473	20.785	992.27	-0.11386	19.200	0.15022	vapor
284.50	1.5444	0.066104	15.128	3.5692	5.9364	107.35	12.473	20.785	993.14	-0.11384	19.223	0.15040	vapor
285.00	1.5444	0.065988	15.154	3.5755	5.9468	107.39	12.473	20.785	994.01	-0.11383	19.246	0.15059	vapor
285.50	1.5444	0.065873	15.181	3.5817	5.9572	107.43	12.473	20.785	994.88	-0.11382	19.269	0.15077	vapor
286.00	1.5444	0.065758	15.207	3.5879	5.9676	107.46	12.473	20.785	995.75	-0.11381	19.292	0.15095	vapor
286.50	1.5444	0.065643	15.234	3.5942	5.9780	107.50	12.473	20.785	996.62	-0.11379	19.315	0.15113	vapor
287.00	1.5444	0.065529	15.260	3.6004	5.9884	107.54	12.473	20.785	997.49	-0.11378	19.338	0.15132	vapor
287.50	1.5444	0.065415	15.287	3.6066	5.9988	107.57	12.473	20.785	998.36	-0.11377	19.361	0.15150	vapor
288.00	1.5444	0.065302	15.314	3.6129	6.0092	107.61	12.473	20.785	999.22	-0.11376	19.384	0.15168	vapor
288.50	1.5444	0.065189	15.340	3.6191	6.0196	107.64	12.473	20.785	1000.1	-0.11374	19.407	0.15186	vapor
289.00	1.5444	0.065076	15.367	3.6253	6.0300	107.68	12.473	20.785	1001.0	-0.11373	19.430	0.15204	vapor
289.50	1.5444	0.064964	15.393	3.6316	6.0404	107.72	12.473	20.785	1001.8	-0.11372	19.453	0.15222	vapor
290.00	1.5444	0.064852	15.420	3.6378	6.0508	107.75	12.473	20.785	1002.7	-0.11371	19.476	0.15241	vapor
290.50	1.5444	0.064740	15.446	3.6441	6.0612	107.79	12.473	20.785	1003.5	-0.11369	19.498	0.15259	vapor
291.00	1.5444	0.064629	15.473	3.6503	6.0715	107.82	12.473	20.785	1004.4	-0.11368	19.521	0.15277	vapor
291.50	1.5444	0.064518	15.500	3.6565	6.0819	107.86	12.473	20.785	1005.3	-0.11367	19.544	0.15295	vapor
292.00	1.5444	0.064408	15.526	3.6628	6.0923	107.89	12.473	20.785	1006.1	-0.11366	19.567	0.15313	vapor
292.50	1.5444	0.064298	15.553	3.6690	6.1027	107.93	12.473	20.785	1007.0	-0.11364	19.590	0.15331	vapor
293.00	1.5444	0.064188	15.579	3.6752	6.1131	107.97	12.473	20.785	1007.8	-0.11363	19.613	0.15349	vapor
293.50	1.5444	0.064079	15.606	3.6815	6.1235	108.00	12.473	20.785	1008.7	-0.11362	19.636	0.15367	vapor
294.00	1.5444	0.063970	15.632	3.6877	6.1339	108.04	12.473	20.785	1009.6	-0.11361	19.658	0.15385	vapor
294.50	1.5444	0.063861	15.659	3.6939	6.1443	108.07	12.473	20.785	1010.4	-0.11359	19.681	0.15404	vapor
295.00	1.5444	0.063753	15.685	3.7002	6.1547	108.11	12.473	20.785	1011.3	-0.11358	19.704	0.15422	vapor
295.50	1.5444	0.063646	15.712	3.7064	6.1651	108.14	12.473	20.785	1012.1	-0.11357	19.727	0.15440	vapor
296.00	1.5444	0.063538	15.739	3.7127	6.1755	108.18	12.473	20.785	1013.0	-0.11355	19.750	0.15458	vapor
296.50	1.5444	0.063431	15.765	3.7189	6.1859	108.21	12.473	20.785	1013.8	-0.11354	19.772	0.15476	vapor
297.00	1.5444	0.063324	15.792	3.7251	6.1963	108.25	12.473	20.785	1014.7	-0.11353	19.795	0.15494	vapor
297.50	1.5444	0.063218	15.818	3.7314	6.2066	108.28	12.473	20.785	1015.5	-0.11351	19.818	0.15512	vapor
298.00	1.5444	0.063112	15.845	3.7376	6.2170	108.32	12.473	20.785	1016.4	-0.11350	19.841	0.15530	vapor
298.50	1.5444	0.063006	15.871	3.7438	6.2274	108.35	12.473	20.785	1017.2	-0.11349	19.863	0.15548	vapor
299.00	1.5444	0.062901	15.898	3.7501	6.2378	108.39	12.473	20.785	1018.1	-0.11347	19.886	0.15566	vapor
299.50	1.5444	0.062796	15.925	3.7563	6.2482	108.42	12.473	20.785	1018.9	-0.11346	19.909	0.15584	vapor
300.00	1.5444	0.062692	15.951	3.7625	6.2586	108.46	12.473	20.785	1019.8	-0.11345	19.932	0.15602	vapor
