Temperature (K)	Pressure (atm)	Density (mol/l)	Volume (l/mol)	Internal Energy (kJ/mol)	Enthalpy (kJ/mol)	Entropy (J/mol*K)	Cv (J/mol*K)	Cp (J/mol*K)	Sound Spd. (m/s)	Joule-Thomson (F/atm)	Viscosity (uPa*s)	Therm. Cond. (W/m*K)	Phase
4.0000	1.4763	33.007	0.030297	-0.0083209	-0.0037889	-1.2841	9.8936	16.554	198.83	-0.15663	3.4452	0.018977	liquid
4.5000	1.4763	30.140	0.033178	0.0012103	0.0061734	1.0534	10.357	24.975	170.25	0.041025	3.0785	0.018999	liquid
4.6727	1.4763	28.509	0.035077	0.0058895	0.011137	2.1347	10.533	33.961	154.76	0.17309	2.9020	0.018845	liquid
4.6727	1.4763	6.4687	0.15459	0.057397	0.080522	16.984	12.570	53.007	100.97	1.8186	1.4626	0.010864	vapor
5.0000	1.4763	5.1883	0.19274	0.065481	0.094313	19.842	12.574	35.921	111.84	1.5470	1.4915	0.010993	vapor
5.5000	1.4763	4.2181	0.23708	0.074865	0.11033	22.900	12.504	29.359	123.80	1.3015	1.5666	0.011536	vapor
6.0000	1.4763	3.6288	0.27557	0.083043	0.12427	25.327	12.456	26.691	133.38	1.1359	1.6497	0.012156	vapor
6.5000	1.4763	3.2129	0.31125	0.090655	0.13721	27.401	12.433	25.228	141.67	1.0112	1.7343	0.012804	vapor
7.0000	1.4763	2.8967	0.34522	0.097940	0.14958	29.234	12.425	24.306	149.11	0.91209	1.8185	0.013461	vapor
7.5000	1.4763	2.6451	0.37806	0.10501	0.16157	30.889	12.426	23.676	155.94	0.83048	1.9017	0.014109	vapor
8.0000	1.4763	2.4385	0.41009	0.11194	0.17329	32.401	12.432	23.220	162.30	0.76163	1.9836	0.014741	vapor
8.5000	1.4763	2.2650	0.44150	0.11876	0.18481	33.798	12.439	22.875	168.29	0.70245	2.0641	0.015353	vapor
9.0000	1.4763	2.1167	0.47243	0.12550	0.19617	35.098	12.447	22.607	173.98	0.65083	2.1431	0.015946	vapor
9.5000	1.4763	1.9881	0.50298	0.13218	0.20742	36.314	12.455	22.392	179.41	0.60527	2.2207	0.016521	vapor
10.000	1.4763	1.8754	0.53322	0.13881	0.21857	37.458	12.462	22.217	184.63	0.56465	2.2970	0.017081	vapor
10.500	1.4763	1.7756	0.56320	0.14540	0.22964	38.538	12.468	22.071	189.65	0.52814	2.3719	0.017625	vapor
11.000	1.4763	1.6865	0.59296	0.15195	0.24065	39.562	12.474	21.948	194.50	0.49510	2.4455	0.018157	vapor
11.500	1.4763	1.6064	0.62253	0.15847	0.25159	40.535	12.478	21.843	199.20	0.46501	2.5179	0.018675	vapor
12.000	1.4763	1.5339	0.65194	0.16497	0.26249	41.463	12.483	21.752	203.76	0.43748	2.5891	0.019183	vapor
12.500	1.4763	1.4680	0.68121	0.17145	0.27335	42.349	12.486	21.673	208.20	0.41216	2.6591	0.019680	vapor
13.000	1.4763	1.4077	0.71036	0.17791	0.28417	43.198	12.489	21.604	212.53	0.38879	2.7281	0.020167	vapor
13.500	1.4763	1.3524	0.73940	0.18435	0.29495	44.012	12.491	21.543	216.75	0.36715	2.7961	0.020646	vapor
14.000	1.4763	1.3015	0.76835	0.19078	0.30571	44.795	12.493	21.489	220.88	0.34703	2.8630	0.021117	vapor
14.500	1.4763	1.2544	0.79721	0.19719	0.31644	45.548	12.495	21.440	224.91	0.32829	2.9290	0.021580	vapor
15.000	1.4763	1.2107	0.82599	0.20359	0.32715	46.274	12.497	21.397	228.87	0.31078	2.9941	0.022036	vapor
15.500	1.4763	1.1700	0.85470	0.20999	0.33784	46.975	12.498	21.357	232.75	0.29437	3.0582	0.022485	vapor
16.000	1.4763	1.1320	0.88336	0.21637	0.34851	47.652	12.499	21.321	236.55	0.27898	3.1216	0.022928	vapor
16.500	1.4763	1.0965	0.91195	0.22274	0.35916	48.308	12.499	21.289	240.29	0.26450	3.1841	0.023366	vapor
17.000	1.4763	1.0633	0.94050	0.22911	0.36980	48.943	12.500	21.259	243.96	0.25087	3.2458	0.023798	vapor
17.500	1.4763	1.0320	0.96900	0.23547	0.38042	49.559	12.500	21.232	247.57	0.23800	3.3068	0.024225	vapor
18.000	1.4763	1.0026	0.99746	0.24182	0.39103	50.157	12.500	21.207	251.13	0.22583	3.3671	0.024647	vapor
18.500	1.4763	0.97478	1.0259	0.24817	0.40163	50.738	12.501	21.185	254.63	0.21431	3.4266	0.025065	vapor
19.000	1.4763	0.94854	1.0543	0.25451	0.41222	51.302	12.501	21.164	258.07	0.20340	3.4855	0.025478	vapor
19.500	1.4763	0.92370	1.0826	0.26085	0.42279	51.852	12.501	21.144	261.47	0.19303	3.5437	0.025887	vapor
20.000	1.4763	0.90015	1.1109	0.26718	0.43336	52.387	12.501	21.126	264.82	0.18319	3.6013	0.026292	vapor
20.500	1.4763	0.87780	1.1392	0.27351	0.44392	52.908	12.501	21.109	268.13	0.17382	3.6583	0.026694	vapor
21.000	1.4763	0.85655	1.1675	0.27983	0.45447	53.417	12.500	21.094	271.39	0.16489	3.7147	0.027092	vapor
21.500	1.4763	0.83632	1.1957	0.28615	0.46501	53.913	12.500	21.079	274.61	0.15639	3.7705	0.027487	vapor
22.000	1.4763	0.81704	1.2239	0.29246	0.47555	54.397	12.500	21.065	277.79	0.14826	3.8258	0.027878	vapor
22.500	1.4763	0.79864	1.2521	0.29878	0.48608	54.871	12.500	21.053	280.93	0.14051	3.8806	0.028266	vapor
23.000	1.4763	0.78107	1.2803	0.30508	0.49660	55.333	12.499	21.041	284.03	0.13309	3.9348	0.028651	vapor
23.500	1.4763	0.76426	1.3085	0.31139	0.50712	55.786	12.499	21.030	287.10	0.12599	3.9885	0.029034	vapor
24.000	1.4763	0.74817	1.3366	0.31769	0.51763	56.228	12.499	21.019	290.14	0.11919	4.0418	0.029413	vapor
24.500	1.4763	0.73275	1.3647	0.32399	0.52814	56.661	12.499	21.010	293.14	0.11268	4.0945	0.029790	vapor
25.000	1.4763	0.71796	1.3928	0.33029	0.53864	57.086	12.498	21.000	296.11	0.10643	4.1468	0.030165	vapor
25.500	1.4763	0.70377	1.4209	0.33659	0.54914	57.502	12.498	20.992	299.04	0.10043	4.1987	0.030537	vapor
26.000	1.4763	0.69013	1.4490	0.34288	0.55963	57.909	12.498	20.983	301.95	0.094669	4.2501	0.030906	vapor
26.500	1.4763	0.67701	1.4771	0.34917	0.57012	58.309	12.497	20.976	304.83	0.089130	4.3011	0.031273	vapor
27.000	1.4763	0.66439	1.5051	0.35546	0.58061	58.701	12.497	20.968	307.68	0.083804	4.3518	0.031638	vapor
27.500	1.4763	0.65224	1.5332	0.36175	0.59109	59.085	12.496	20.961	310.50	0.078677	4.4020	0.032001	vapor
28.000	1.4763	0.64053	1.5612	0.36803	0.60157	59.463	12.496	20.955	313.30	0.073741	4.4518	0.032361	vapor
28.500	1.4763	0.62923	1.5892	0.37432	0.61205	59.834	12.496	20.949	316.07	0.068985	4.5012	0.032720	vapor
29.000	1.4763	0.61833	1.6173	0.38060	0.62252	60.198	12.495	20.943	318.82	0.064400	4.5503	0.033076	vapor
29.500	1.4763	0.60780	1.6453	0.38688	0.63299	60.556	12.495	20.937	321.54	0.059978	4.5990	0.033431	vapor
30.000	1.4763	0.59763	1.6733	0.39316	0.64346	60.908	12.495	20.932	324.24	0.055711	4.6474	0.033783	vapor
30.500	1.4763	0.58780	1.7013	0.39943	0.65392	61.254	12.494	20.927	326.91	0.051590	4.6954	0.034134	vapor
31.000	1.4763	0.57829	1.7292	0.40571	0.66438	61.594	12.494	20.922	329.56	0.047611	4.7431	0.034483	vapor
31.500	1.4763	0.56908	1.7572	0.41198	0.67484	61.929	12.494	20.917	332.19	0.043764	4.7905	0.034830	vapor
32.000	1.4763	0.56017	1.7852	0.41826	0.68530	62.258	12.493	20.913	334.80	0.040046	4.8376	0.035176	vapor
32.500	1.4763	0.55153	1.8131	0.42453	0.69576	62.582	12.493	20.909	337.39	0.036449	4.8843	0.035520	vapor
33.000	1.4763	0.54315	1.8411	0.43080	0.70621	62.902	12.493	20.905	339.96	0.032968	4.9308	0.035862	vapor
33.500	1.4763	0.53503	1.8690	0.43707	0.71666	63.216	12.492	20.901	342.51	0.029599	4.9769	0.036202	vapor
34.000	1.4763	0.52715	1.8970	0.44334	0.72711	63.526	12.492	20.897	345.04	0.026336	5.0228	0.036541	vapor
34.500	1.4763	0.51950	1.9249	0.44961	0.73756	63.831	12.492	20.894	347.55	0.023174	5.0684	0.036879	vapor
35.000	1.4763	0.51207	1.9529	0.45588	0.74800	64.131	12.492	20.890	350.04	0.020110	5.1137	0.037215	vapor
35.500	1.4763	0.50485	1.9808	0.46214	0.75845	64.428	12.491	20.887	352.51	0.017140	5.1587	0.037550	vapor
36.000	1.4763	0.49783	2.0087	0.46841	0.76889	64.720	12.491	20.884	354.97	0.014259	5.2035	0.037883	vapor
36.500	1.4763	0.49101	2.0366	0.47467	0.77933	65.008	12.491	20.881	357.41	0.011463	5.2480	0.038215	vapor
37.000	1.4763	0.48437	2.0646	0.48094	0.78977	65.292	12.490	20.878	359.83	0.0087503	5.2923	0.038545	vapor
37.500	1.4763	0.47791	2.0925	0.48720	0.80021	65.572	12.490	20.875	362.24	0.0061164	5.3363	0.038874	vapor
38.000	1.4763	0.47162	2.1204	0.49346	0.81065	65.848	12.490	20.873	364.62	0.0035583	5.3801	0.039202	vapor
38.500	1.4763	0.46549	2.1483	0.49973	0.82108	66.121	12.490	20.870	367.00	0.0010733	5.4237	0.039528	vapor
39.000	1.4763	0.45952	2.1762	0.50599	0.83152	66.391	12.489	20.868	369.36	-0.0013416	5.4670	0.039854	vapor
39.500	1.4763	0.45371	2.2041	0.51225	0.84195	66.656	12.489	20.866	371.70	-0.0036891	5.5101	0.040177	vapor
40.000	1.4763	0.44804	2.2320	0.51851	0.85238	66.919	12.489	20.863	374.03	-0.0059716	5.5530	0.040500	vapor
40.500	1.4763	0.44251	2.2598	0.52477	0.86281	67.178	12.489	20.861	376.34	-0.0081915	5.5956	0.040822	vapor
41.000	1.4763	0.43711	2.2877	0.53103	0.87324	67.434	12.488	20.859	378.64	-0.010351	5.6381	0.041142	vapor
41.500	1.4763	0.43185	2.3156	0.53728	0.88367	67.687	12.488	20.857	380.92	-0.012453	5.6803	0.041461	vapor
42.000	1.4763	0.42671	2.3435	0.54354	0.89410	67.937	12.488	20.855	383.19	-0.014499	5.7223	0.041779	vapor
42.500	1.4763	0.42170	2.3714	0.54980	0.90453	68.183	12.488	20.853	385.45	-0.016491	5.7642	0.042096	vapor
43.000	1.4763	0.41680	2.3993	0.55606	0.91496	68.427	12.488	20.852	387.69	-0.018431	5.8058	0.042412	vapor
43.500	1.4763	0.41201	2.4271	0.56231	0.92538	68.668	12.487	20.850	389.92	-0.020320	5.8472	0.042727	vapor
44.000	1.4763	0.40733	2.4550	0.56857	0.93581	68.907	12.487	20.848	392.14	-0.022162	5.8885	0.043041	vapor
44.500	1.4763	0.40276	2.4829	0.57482	0.94623	69.142	12.487	20.847	394.35	-0.023956	5.9295	0.043353	vapor
45.000	1.4763	0.39829	2.5107	0.58108	0.95665	69.375	12.487	20.845	396.54	-0.025705	5.9704	0.043665	vapor
45.500	1.4763	0.39392	2.5386	0.58733	0.96707	69.605	12.487	20.844	398.72	-0.027411	6.0111	0.043975	vapor
46.000	1.4763	0.38964	2.5665	0.59358	0.97750	69.833	12.486	20.842	400.89	-0.029074	6.0516	0.044285	vapor
46.500	1.4763	0.38546	2.5943	0.59984	0.98792	70.059	12.486	20.841	403.05	-0.030696	6.0920	0.044594	vapor
47.000	1.4763	0.38136	2.6222	0.60609	0.99834	70.281	12.486	20.840	405.19	-0.032279	6.1321	0.044901	vapor
47.500	1.4763	0.37736	2.6500	0.61234	1.0088	70.502	12.486	20.838	407.32	-0.033824	6.1721	0.045208	vapor
48.000	1.4763	0.37343	2.6779	0.61860	1.0192	70.720	12.486	20.837	409.45	-0.035331	6.2120	0.045514	vapor
48.500	1.4763	0.36959	2.7057	0.62485	1.0296	70.936	12.485	20.836	411.56	-0.036803	6.2517	0.045819	vapor
49.000	1.4763	0.36582	2.7336	0.63110	1.0400	71.150	12.485	20.835	413.66	-0.038240	6.2912	0.046122	vapor
49.500	1.4763	0.36213	2.7614	0.63735	1.0504	71.361	12.485	20.833	415.75	-0.039644	6.3305	0.046425	vapor
50.000	1.4763	0.35852	2.7893	0.64360	1.0608	71.571	12.485	20.832	417.83	-0.041015	6.3697	0.046728	vapor
50.500	1.4763	0.35497	2.8171	0.64985	1.0713	71.778	12.485	20.831	419.90	-0.042354	6.4088	0.047029	vapor
51.000	1.4763	0.35150	2.8450	0.65610	1.0817	71.983	12.485	20.830	421.95	-0.043663	6.4477	0.047329	vapor
51.500	1.4763	0.34809	2.8728	0.66235	1.0921	72.186	12.484	20.829	424.00	-0.044942	6.4865	0.047629	vapor
52.000	1.4763	0.34475	2.9006	0.66860	1.1025	72.388	12.484	20.828	426.04	-0.046192	6.5251	0.047927	vapor
52.500	1.4763	0.34147	2.9285	0.67485	1.1129	72.587	12.484	20.827	428.07	-0.047414	6.5636	0.048225	vapor
53.000	1.4763	0.33826	2.9563	0.68110	1.1233	72.784	12.484	20.826	430.09	-0.048609	6.6019	0.048522	vapor
53.500	1.4763	0.33510	2.9842	0.68735	1.1337	72.980	12.484	20.825	432.10	-0.049778	6.6401	0.048818	vapor
54.000	1.4763	0.33201	3.0120	0.69360	1.1442	73.174	12.484	20.825	434.10	-0.050921	6.6781	0.049114	vapor
54.500	1.4763	0.32897	3.0398	0.69985	1.1546	73.366	12.484	20.824	436.09	-0.052039	6.7161	0.049408	vapor
55.000	1.4763	0.32598	3.0677	0.70609	1.1650	73.556	12.483	20.823	438.07	-0.053133	6.7539	0.049702	vapor
55.500	1.4763	0.32305	3.0955	0.71234	1.1754	73.744	12.483	20.822	440.04	-0.054204	6.7915	0.049995	vapor
56.000	1.4763	0.32017	3.1233	0.71859	1.1858	73.931	12.483	20.821	442.01	-0.055251	6.8291	0.050288	vapor
56.500	1.4763	0.31734	3.1512	0.72484	1.1962	74.116	12.483	20.821	443.96	-0.056277	6.8665	0.050579	vapor
57.000	1.4763	0.31457	3.1790	0.73108	1.2066	74.299	12.483	20.820	445.91	-0.057281	6.9038	0.050870	vapor
57.500	1.4763	0.31184	3.2068	0.73733	1.2170	74.481	12.483	20.819	447.85	-0.058264	6.9409	0.051160	vapor
58.000	1.4763	0.30915	3.2346	0.74358	1.2274	74.662	12.483	20.818	449.78	-0.059227	6.9780	0.051449	vapor
58.500	1.4763	0.30652	3.2625	0.74982	1.2379	74.840	12.482	20.818	451.70	-0.060169	7.0149	0.051738	vapor
59.000	1.4763	0.30392	3.2903	0.75607	1.2483	75.017	12.482	20.817	453.61	-0.061093	7.0517	0.052026	vapor
59.500	1.4763	0.30138	3.3181	0.76232	1.2587	75.193	12.482	20.816	455.52	-0.061998	7.0884	0.052313	vapor
60.000	1.4763	0.29887	3.3459	0.76856	1.2691	75.367	12.482	20.816	457.41	-0.062884	7.1250	0.052599	vapor
60.500	1.4763	0.29641	3.3738	0.77481	1.2795	75.540	12.482	20.815	459.30	-0.063752	7.1615	0.052885	vapor
61.000	1.4763	0.29398	3.4016	0.78105	1.2899	75.711	12.482	20.815	461.18	-0.064603	7.1978	0.053170	vapor
61.500	1.4763	0.29160	3.4294	0.78730	1.3003	75.881	12.482	20.814	463.06	-0.065438	7.2341	0.053455	vapor
62.000	1.4763	0.28925	3.4572	0.79355	1.3107	76.050	12.482	20.813	464.92	-0.066255	7.2702	0.053739	vapor
62.500	1.4763	0.28694	3.4850	0.79979	1.3211	76.217	12.482	20.813	466.78	-0.067057	7.3063	0.054022	vapor
63.000	1.4763	0.28467	3.5129	0.80604	1.3315	76.383	12.481	20.812	468.63	-0.067843	7.3422	0.054304	vapor
63.500	1.4763	0.28243	3.5407	0.81228	1.3419	76.547	12.481	20.812	470.48	-0.068613	7.3780	0.054586	vapor
64.000	1.4763	0.28023	3.5685	0.81852	1.3523	76.711	12.481	20.811	472.31	-0.069369	7.4138	0.054867	vapor
64.500	1.4763	0.27806	3.5963	0.82477	1.3627	76.872	12.481	20.811	474.14	-0.070110	7.4494	0.055148	vapor
65.000	1.4763	0.27593	3.6241	0.83101	1.3731	77.033	12.481	20.810	475.96	-0.070837	7.4849	0.055428	vapor
65.500	1.4763	0.27383	3.6519	0.83726	1.3835	77.193	12.481	20.810	477.78	-0.071550	7.5204	0.055707	vapor
66.000	1.4763	0.27176	3.6798	0.84350	1.3940	77.351	12.481	20.809	479.59	-0.072250	7.5557	0.055986	vapor
66.500	1.4763	0.26972	3.7076	0.84975	1.4044	77.508	12.481	20.809	481.39	-0.072937	7.5909	0.056264	vapor
67.000	1.4763	0.26771	3.7354	0.85599	1.4148	77.664	12.481	20.809	483.19	-0.073610	7.6261	0.056541	vapor
67.500	1.4763	0.26573	3.7632	0.86223	1.4252	77.819	12.481	20.808	484.97	-0.074271	7.6611	0.056818	vapor
68.000	1.4763	0.26378	3.7910	0.86848	1.4356	77.972	12.481	20.808	486.76	-0.074920	7.6961	0.057094	vapor
68.500	1.4763	0.26186	3.8188	0.87472	1.4460	78.125	12.480	20.807	488.53	-0.075557	7.7310	0.057370	vapor
69.000	1.4763	0.25997	3.8466	0.88096	1.4564	78.276	12.480	20.807	490.30	-0.076182	7.7658	0.057645	vapor
69.500	1.4763	0.25810	3.8744	0.88721	1.4668	78.426	12.480	20.807	492.06	-0.076796	7.8005	0.057920	vapor
70.000	1.4763	0.25626	3.9023	0.89345	1.4772	78.575	12.480	20.806	493.82	-0.077399	7.8351	0.058194	vapor
70.500	1.4763	0.25445	3.9301	0.89969	1.4876	78.723	12.480	20.806	495.57	-0.077991	7.8696	0.058467	vapor
71.000	1.4763	0.25266	3.9579	0.90594	1.4980	78.870	12.480	20.805	497.31	-0.078572	7.9040	0.058740	vapor
71.500	1.4763	0.25090	3.9857	0.91218	1.5084	79.016	12.480	20.805	499.05	-0.079142	7.9384	0.059012	vapor
72.000	1.4763	0.24916	4.0135	0.91842	1.5188	79.161	12.480	20.805	500.78	-0.079703	7.9726	0.059284	vapor
72.500	1.4763	0.24744	4.0413	0.92466	1.5292	79.305	12.480	20.804	502.50	-0.080253	8.0068	0.059555	vapor
73.000	1.4763	0.24575	4.0691	0.93091	1.5396	79.448	12.480	20.804	504.22	-0.080794	8.0409	0.059826	vapor
73.500	1.4763	0.24409	4.0969	0.93715	1.5500	79.590	12.480	20.804	505.94	-0.081326	8.0750	0.060096	vapor
74.000	1.4763	0.24244	4.1247	0.94339	1.5604	79.731	12.480	20.803	507.65	-0.081848	8.1089	0.060366	vapor
74.500	1.4763	0.24082	4.1525	0.94963	1.5708	79.871	12.479	20.803	509.35	-0.082361	8.1428	0.060635	vapor
75.000	1.4763	0.23922	4.1803	0.95587	1.5812	80.011	12.479	20.803	511.04	-0.082865	8.1766	0.060904	vapor
75.500	1.4763	0.23763	4.2081	0.96212	1.5916	80.149	12.479	20.803	512.74	-0.083360	8.2103	0.061172	vapor
76.000	1.4763	0.23607	4.2359	0.96836	1.6020	80.286	12.479	20.802	514.42	-0.083847	8.2439	0.061439	vapor
76.500	1.4763	0.23454	4.2638	0.97460	1.6124	80.423	12.479	20.802	516.10	-0.084325	8.2775	0.061706	vapor
77.000	1.4763	0.23302	4.2916	0.98084	1.6228	80.558	12.479	20.802	517.77	-0.084796	8.3110	0.061973	vapor
77.500	1.4763	0.23152	4.3194	0.98708	1.6332	80.693	12.479	20.801	519.44	-0.085258	8.3444	0.062239	vapor
78.000	1.4763	0.23003	4.3472	0.99332	1.6436	80.826	12.479	20.801	521.11	-0.085712	8.3778	0.062504	vapor
78.500	1.4763	0.22857	4.3750	0.99957	1.6540	80.959	12.479	20.801	522.76	-0.086159	8.4110	0.062769	vapor
79.000	1.4763	0.22713	4.4028	1.0058	1.6644	81.091	12.479	20.801	524.42	-0.086598	8.4443	0.063034	vapor
79.500	1.4763	0.22570	4.4306	1.0120	1.6748	81.223	12.479	20.800	526.07	-0.087030	8.4774	0.063298	vapor
80.000	1.4763	0.22430	4.4584	1.0183	1.6852	81.353	12.479	20.800	527.71	-0.087455	8.5105	0.063562	vapor
80.500	1.4763	0.22291	4.4862	1.0245	1.6956	81.483	12.479	20.800	529.35	-0.087873	8.5435	0.063825	vapor
81.000	1.4763	0.22153	4.5140	1.0308	1.7060	81.611	12.479	20.800	530.98	-0.088284	8.5764	0.064088	vapor
81.500	1.4763	0.22018	4.5418	1.0370	1.7164	81.739	12.479	20.799	532.60	-0.088688	8.6093	0.064350	vapor
82.000	1.4763	0.21884	4.5696	1.0433	1.7268	81.867	12.478	20.799	534.23	-0.089085	8.6421	0.064612	vapor
82.500	1.4763	0.21751	4.5974	1.0495	1.7372	81.993	12.478	20.799	535.84	-0.089476	8.6748	0.064873	vapor
83.000	1.4763	0.21621	4.6252	1.0557	1.7476	82.119	12.478	20.799	537.46	-0.089861	8.7075	0.065134	vapor
83.500	1.4763	0.21492	4.6530	1.0620	1.7580	82.244	12.478	20.799	539.07	-0.090239	8.7401	0.065394	vapor
84.000	1.4763	0.21364	4.6808	1.0682	1.7684	82.368	12.478	20.798	540.67	-0.090611	8.7726	0.065654	vapor
84.500	1.4763	0.21238	4.7086	1.0745	1.7788	82.491	12.478	20.798	542.27	-0.090977	8.8051	0.065914	vapor
85.000	1.4763	0.21113	4.7364	1.0807	1.7892	82.614	12.478	20.798	543.86	-0.091338	8.8375	0.066173	vapor
85.500	1.4763	0.20990	4.7642	1.0869	1.7996	82.736	12.478	20.798	545.45	-0.091692	8.8699	0.066431	vapor
86.000	1.4763	0.20868	4.7920	1.0932	1.8100	82.857	12.478	20.798	547.03	-0.092041	8.9022	0.066690	vapor
86.500	1.4763	0.20748	4.8198	1.0994	1.8204	82.978	12.478	20.797	548.61	-0.092385	8.9344	0.066947	vapor
87.000	1.4763	0.20629	4.8476	1.1057	1.8308	83.098	12.478	20.797	550.19	-0.092722	8.9666	0.067205	vapor
87.500	1.4763	0.20511	4.8754	1.1119	1.8412	83.217	12.478	20.797	551.76	-0.093055	8.9987	0.067462	vapor
88.000	1.4763	0.20395	4.9032	1.1181	1.8516	83.335	12.478	20.797	553.32	-0.093382	9.0308	0.067718	vapor
88.500	1.4763	0.20280	4.9310	1.1244	1.8620	83.453	12.478	20.797	554.89	-0.093705	9.0628	0.067974	vapor
89.000	1.4763	0.20166	4.9588	1.1306	1.8724	83.570	12.478	20.796	556.44	-0.094022	9.0947	0.068230	vapor
89.500	1.4763	0.20054	4.9866	1.1369	1.8828	83.687	12.478	20.796	558.00	-0.094334	9.1266	0.068485	vapor
90.000	1.4763	0.19943	5.0144	1.1431	1.8932	83.803	12.478	20.796	559.54	-0.094641	9.1584	0.068740	vapor
90.500	1.4763	0.19833	5.0422	1.1493	1.9036	83.918	12.478	20.796	561.09	-0.094944	9.1902	0.068994	vapor
91.000	1.4763	0.19724	5.0700	1.1556	1.9140	84.033	12.478	20.796	562.63	-0.095242	9.2219	0.069248	vapor
91.500	1.4763	0.19616	5.0978	1.1618	1.9244	84.146	12.477	20.796	564.16	-0.095535	9.2536	0.069502	vapor
92.000	1.4763	0.19510	5.1256	1.1681	1.9348	84.260	12.477	20.796	565.70	-0.095824	9.2852	0.069755	vapor
92.500	1.4763	0.19405	5.1534	1.1743	1.9452	84.373	12.477	20.795	567.22	-0.096108	9.3168	0.070008	vapor
93.000	1.4763	0.19301	5.1812	1.1805	1.9556	84.485	12.477	20.795	568.75	-0.096388	9.3483	0.070261	vapor
93.500	1.4763	0.19198	5.2090	1.1868	1.9660	84.596	12.477	20.795	570.27	-0.096664	9.3798	0.070513	vapor
94.000	1.4763	0.19096	5.2368	1.1930	1.9764	84.707	12.477	20.795	571.78	-0.096936	9.4112	0.070764	vapor
94.500	1.4763	0.18995	5.2646	1.1993	1.9868	84.817	12.477	20.795	573.29	-0.097203	9.4425	0.071016	vapor
95.000	1.4763	0.18895	5.2923	1.2055	1.9972	84.927	12.477	20.795	574.80	-0.097466	9.4738	0.071266	vapor
95.500	1.4763	0.18796	5.3201	1.2117	2.0076	85.036	12.477	20.795	576.30	-0.097726	9.5051	0.071517	vapor
96.000	1.4763	0.18699	5.3479	1.2180	2.0180	85.145	12.477	20.794	577.80	-0.097981	9.5363	0.071767	vapor
96.500	1.4763	0.18602	5.3757	1.2242	2.0284	85.253	12.477	20.794	579.30	-0.098233	9.5674	0.072017	vapor
97.000	1.4763	0.18506	5.4035	1.2305	2.0388	85.360	12.477	20.794	580.79	-0.098481	9.5985	0.072266	vapor
97.500	1.4763	0.18412	5.4313	1.2367	2.0492	85.467	12.477	20.794	582.28	-0.098725	9.6296	0.072515	vapor
98.000	1.4763	0.18318	5.4591	1.2429	2.0596	85.574	12.477	20.794	583.76	-0.098966	9.6606	0.072764	vapor
98.500	1.4763	0.18225	5.4869	1.2492	2.0699	85.679	12.477	20.794	585.24	-0.099203	9.6916	0.073012	vapor
99.000	1.4763	0.18133	5.5147	1.2554	2.0803	85.785	12.477	20.794	586.72	-0.099436	9.7225	0.073260	vapor
99.500	1.4763	0.18042	5.5425	1.2616	2.0907	85.889	12.477	20.794	588.19	-0.099666	9.7534	0.073508	vapor
100.00	1.4763	0.17952	5.5703	1.2679	2.1011	85.994	12.477	20.793	589.66	-0.099893	9.7842	0.073755	vapor
100.50	1.4763	0.17863	5.5981	1.2741	2.1115	86.097	12.477	20.793	591.13	-0.10012	9.8051	0.074002	vapor
101.00	1.4763	0.17775	5.6259	1.2804	2.1219	86.201	12.477	20.793	592.59	-0.10034	9.8261	0.074248	vapor
101.50	1.4763	0.17688	5.6537	1.2866	2.1323	86.303	12.477	20.793	594.05	-0.10055	9.8471	0.074494	vapor
102.00	1.4763	0.17601	5.6815	1.2928	2.1427	86.405	12.477	20.793	595.50	-0.10077	9.8680	0.074740	vapor
102.50	1.4763	0.17515	5.7093	1.2991	2.1531	86.507	12.477	20.793	596.95	-0.10098	9.8889	0.074986	vapor
103.00	1.4763	0.17431	5.7371	1.3053	2.1635	86.608	12.477	20.793	598.40	-0.10118	9.9099	0.075231	vapor
103.50	1.4763	0.17346	5.7649	1.3116	2.1739	86.709	12.477	20.793	599.85	-0.10139	9.9308	0.075476	vapor
104.00	1.4763	0.17263	5.7927	1.3178	2.1843	86.809	12.477	20.793	601.29	-0.10159	9.9517	0.075720	vapor
104.50	1.4763	0.17181	5.8204	1.3240	2.1947	86.909	12.476	20.792	602.72	-0.10179	9.9727	0.075964	vapor
105.00	1.4763	0.17099	5.8482	1.3303	2.2051	87.008	12.476	20.792	604.16	-0.10198	9.9936	0.076208	vapor
105.50	1.4763	0.17018	5.8760	1.3365	2.2155	87.107	12.476	20.792	605.59	-0.10218	10.014	0.076451	vapor
106.00	1.4763	0.16938	5.9038	1.3428	2.2259	87.205	12.476	20.792	607.02	-0.10237	10.035	0.076694	vapor
106.50	1.4763	0.16859	5.9316	1.3490	2.2363	87.303	12.476	20.792	608.44	-0.10256	10.056	0.076937	vapor
107.00	1.4763	0.16780	5.9594	1.3552	2.2467	87.401	12.476	20.792	609.86	-0.10274	10.077	0.077180	vapor
107.50	1.4763	0.16702	5.9872	1.3615	2.2571	87.497	12.476	20.792	611.28	-0.10292	10.098	0.077422	vapor
108.00	1.4763	0.16625	6.0150	1.3677	2.2675	87.594	12.476	20.792	612.69	-0.10310	10.119	0.077663	vapor
108.50	1.4763	0.16549	6.0428	1.3739	2.2779	87.690	12.476	20.792	614.10	-0.10328	10.140	0.077905	vapor
109.00	1.4763	0.16473	6.0706	1.3802	2.2883	87.786	12.476	20.792	615.51	-0.10345	10.161	0.078146	vapor
109.50	1.4763	0.16398	6.0984	1.3864	2.2987	87.881	12.476	20.792	616.91	-0.10362	10.181	0.078387	vapor
110.00	1.4763	0.16323	6.1262	1.3927	2.3091	87.975	12.476	20.791	618.31	-0.10379	10.202	0.078627	vapor
110.50	1.4763	0.16250	6.1540	1.3989	2.3195	88.070	12.476	20.791	619.71	-0.10396	10.232	0.078868	vapor
111.00	1.4763	0.16177	6.1818	1.4051	2.3299	88.164	12.476	20.791	621.11	-0.10413	10.263	0.079107	vapor
111.50	1.4763	0.16104	6.2095	1.4114	2.3403	88.257	12.476	20.791	622.50	-0.10429	10.293	0.079347	vapor
112.00	1.4763	0.16032	6.2373	1.4176	2.3506	88.350	12.476	20.791	623.89	-0.10445	10.323	0.079586	vapor
112.50	1.4763	0.15961	6.2651	1.4239	2.3610	88.443	12.476	20.791	625.27	-0.10461	10.353	0.079825	vapor
113.00	1.4763	0.15891	6.2929	1.4301	2.3714	88.535	12.476	20.791	626.65	-0.10476	10.383	0.080064	vapor
113.50	1.4763	0.15821	6.3207	1.4363	2.3818	88.627	12.476	20.791	628.03	-0.10491	10.413	0.080302	vapor
114.00	1.4763	0.15752	6.3485	1.4426	2.3922	88.718	12.476	20.791	629.41	-0.10507	10.443	0.080540	vapor
114.50	1.4763	0.15683	6.3763	1.4488	2.4026	88.809	12.476	20.791	630.78	-0.10521	10.473	0.080778	vapor
115.00	1.4763	0.15615	6.4041	1.4550	2.4130	88.900	12.476	20.791	632.15	-0.10536	10.503	0.081015	vapor
115.50	1.4763	0.15548	6.4319	1.4613	2.4234	88.990	12.476	20.791	633.52	-0.10551	10.533	0.081253	vapor
116.00	1.4763	0.15481	6.4597	1.4675	2.4338	89.080	12.476	20.791	634.88	-0.10565	10.562	0.081489	vapor
116.50	1.4763	0.15414	6.4875	1.4738	2.4442	89.169	12.476	20.791	636.25	-0.10579	10.592	0.081726	vapor
117.00	1.4763	0.15349	6.5153	1.4800	2.4546	89.258	12.476	20.790	637.60	-0.10593	10.622	0.081962	vapor
117.50	1.4763	0.15283	6.5430	1.4862	2.4650	89.347	12.476	20.790	638.96	-0.10607	10.651	0.082198	vapor
118.00	1.4763	0.15219	6.5708	1.4925	2.4754	89.435	12.476	20.790	640.31	-0.10620	10.681	0.082434	vapor
118.50	1.4763	0.15155	6.5986	1.4987	2.4858	89.523	12.476	20.790	641.66	-0.10633	10.711	0.082669	vapor
119.00	1.4763	0.15091	6.6264	1.5049	2.4962	89.610	12.476	20.790	643.01	-0.10647	10.740	0.082904	vapor
119.50	1.4763	0.15028	6.6542	1.5112	2.5066	89.698	12.476	20.790	644.35	-0.10660	10.770	0.083139	vapor
120.00	1.4763	0.14966	6.6820	1.5174	2.5170	89.784	12.476	20.790	645.69	-0.10672	10.799	0.083374	vapor
120.50	1.4763	0.14904	6.7098	1.5237	2.5274	89.871	12.476	20.790	647.03	-0.10685	10.829	0.083608	vapor
121.00	1.4763	0.14842	6.7376	1.5299	2.5378	89.957	12.476	20.790	648.37	-0.10697	10.858	0.083842	vapor
121.50	1.4763	0.14781	6.7654	1.5361	2.5482	90.043	12.476	20.790	649.70	-0.10710	10.887	0.084076	vapor
122.00	1.4763	0.14721	6.7932	1.5424	2.5586	90.128	12.475	20.790	651.03	-0.10722	10.917	0.084309	vapor
122.50	1.4763	0.14661	6.8210	1.5486	2.5689	90.213	12.475	20.790	652.36	-0.10734	10.946	0.084542	vapor
123.00	1.4763	0.14601	6.8487	1.5548	2.5793	90.298	12.475	20.790	653.69	-0.10745	10.975	0.084775	vapor
123.50	1.4763	0.14542	6.8765	1.5611	2.5897	90.382	12.475	20.790	655.01	-0.10757	11.005	0.085008	vapor
124.00	1.4763	0.14484	6.9043	1.5673	2.6001	90.466	12.475	20.790	656.33	-0.10768	11.034	0.085240	vapor
124.50	1.4763	0.14426	6.9321	1.5736	2.6105	90.550	12.475	20.790	657.64	-0.10780	11.063	0.085472	vapor
125.00	1.4763	0.14368	6.9599	1.5798	2.6209	90.633	12.475	20.790	658.96	-0.10791	11.092	0.085704	vapor
125.50	1.4763	0.14311	6.9877	1.5860	2.6313	90.716	12.475	20.789	660.27	-0.10802	11.121	0.085935	vapor
126.00	1.4763	0.14254	7.0155	1.5923	2.6417	90.799	12.475	20.789	661.58	-0.10812	11.150	0.086167	vapor
126.50	1.4763	0.14198	7.0433	1.5985	2.6521	90.881	12.475	20.789	662.89	-0.10823	11.179	0.086398	vapor
127.00	1.4763	0.14142	7.0711	1.6047	2.6625	90.963	12.475	20.789	664.19	-0.10834	11.208	0.086628	vapor
127.50	1.4763	0.14087	7.0989	1.6110	2.6729	91.045	12.475	20.789	665.49	-0.10844	11.237	0.086859	vapor
128.00	1.4763	0.14032	7.1266	1.6172	2.6833	91.126	12.475	20.789	666.79	-0.10854	11.266	0.087089	vapor
128.50	1.4763	0.13977	7.1544	1.6235	2.6937	91.207	12.475	20.789	668.09	-0.10864	11.295	0.087319	vapor
129.00	1.4763	0.13923	7.1822	1.6297	2.7041	91.288	12.475	20.789	669.38	-0.10874	11.324	0.087549	vapor
129.50	1.4763	0.13870	7.2100	1.6359	2.7145	91.368	12.475	20.789	670.67	-0.10884	11.352	0.087778	vapor
130.00	1.4763	0.13816	7.2378	1.6422	2.7249	91.449	12.475	20.789	671.96	-0.10894	11.381	0.088007	vapor
130.50	1.4763	0.13763	7.2656	1.6484	2.7353	91.528	12.475	20.789	673.25	-0.10903	11.410	0.088236	vapor
131.00	1.4763	0.13711	7.2934	1.6546	2.7457	91.608	12.475	20.789	674.53	-0.10913	11.439	0.088465	vapor
131.50	1.4763	0.13659	7.3212	1.6609	2.7560	91.687	12.475	20.789	675.81	-0.10922	11.467	0.088693	vapor
132.00	1.4763	0.13607	7.3490	1.6671	2.7664	91.766	12.475	20.789	677.09	-0.10931	11.496	0.088921	vapor
132.50	1.4763	0.13556	7.3768	1.6734	2.7768	91.845	12.475	20.789	678.37	-0.10940	11.524	0.089149	vapor
133.00	1.4763	0.13505	7.4045	1.6796	2.7872	91.923	12.475	20.789	679.64	-0.10949	11.553	0.089377	vapor
133.50	1.4763	0.13455	7.4323	1.6858	2.7976	92.001	12.475	20.789	680.91	-0.10958	11.581	0.089604	vapor
134.00	1.4763	0.13405	7.4601	1.6921	2.8080	92.079	12.475	20.789	682.18	-0.10967	11.610	0.089832	vapor
134.50	1.4763	0.13355	7.4879	1.6983	2.8184	92.156	12.475	20.789	683.45	-0.10975	11.638	0.090058	vapor
135.00	1.4763	0.13305	7.5157	1.7045	2.8288	92.233	12.475	20.789	684.72	-0.10983	11.667	0.090285	vapor
135.50	1.4763	0.13256	7.5435	1.7108	2.8392	92.310	12.475	20.789	685.98	-0.10992	11.695	0.090512	vapor
136.00	1.4763	0.13208	7.5713	1.7170	2.8496	92.387	12.475	20.789	687.24	-0.11000	11.724	0.090738	vapor
136.50	1.4763	0.13159	7.5991	1.7233	2.8600	92.463	12.475	20.788	688.50	-0.11008	11.752	0.090964	vapor
137.00	1.4763	0.13112	7.6269	1.7295	2.8704	92.539	12.475	20.788	689.75	-0.11016	11.780	0.091189	vapor
137.50	1.4763	0.13064	7.6547	1.7357	2.8808	92.615	12.475	20.788	691.00	-0.11024	11.809	0.091415	vapor
138.00	1.4763	0.13017	7.6824	1.7420	2.8912	92.690	12.475	20.788	692.26	-0.11032	11.837	0.091640	vapor
138.50	1.4763	0.12970	7.7102	1.7482	2.9016	92.765	12.475	20.788	693.50	-0.11039	11.865	0.091865	vapor
139.00	1.4763	0.12923	7.7380	1.7544	2.9120	92.840	12.475	20.788	694.75	-0.11047	11.893	0.092090	vapor
139.50	1.4763	0.12877	7.7658	1.7607	2.9224	92.915	12.475	20.788	696.00	-0.11054	11.921	0.092315	vapor
140.00	1.4763	0.12831	7.7936	1.7669	2.9328	92.989	12.475	20.788	697.24	-0.11062	11.950	0.092539	vapor
140.50	1.4763	0.12785	7.8214	1.7732	2.9431	93.063	12.475	20.788	698.48	-0.11069	11.978	0.092763	vapor
141.00	1.4763	0.12740	7.8492	1.7794	2.9535	93.137	12.475	20.788	699.71	-0.11076	12.006	0.092987	vapor
141.50	1.4763	0.12695	7.8770	1.7856	2.9639	93.211	12.475	20.788	700.95	-0.11083	12.034	0.093210	vapor
142.00	1.4763	0.12651	7.9048	1.7919	2.9743	93.284	12.475	20.788	702.18	-0.11090	12.062	0.093434	vapor
142.50	1.4763	0.12606	7.9325	1.7981	2.9847	93.357	12.475	20.788	703.41	-0.11097	12.090	0.093657	vapor
143.00	1.4763	0.12562	7.9603	1.8043	2.9951	93.430	12.475	20.788	704.64	-0.11103	12.118	0.093880	vapor
143.50	1.4763	0.12519	7.9881	1.8106	3.0055	93.502	12.475	20.788	705.87	-0.11110	12.146	0.094103	vapor
144.00	1.4763	0.12475	8.0159	1.8168	3.0159	93.575	12.475	20.788	707.09	-0.11117	12.174	0.094325	vapor
144.50	1.4763	0.12432	8.0437	1.8231	3.0263	93.647	12.475	20.788	708.32	-0.11123	12.201	0.094547	vapor
145.00	1.4763	0.12389	8.0715	1.8293	3.0367	93.719	12.475	20.788	709.54	-0.11129	12.229	0.094769	vapor
145.50	1.4763	0.12347	8.0993	1.8355	3.0471	93.790	12.475	20.788	710.76	-0.11136	12.257	0.094991	vapor
146.00	1.4763	0.12305	8.1271	1.8418	3.0575	93.861	12.475	20.788	711.97	-0.11142	12.285	0.095213	vapor
146.50	1.4763	0.12263	8.1549	1.8480	3.0679	93.933	12.475	20.788	713.19	-0.11148	12.313	0.095434	vapor
147.00	1.4763	0.12221	8.1826	1.8542	3.0783	94.003	12.475	20.788	714.40	-0.11154	12.340	0.095655	vapor
147.50	1.4763	0.12180	8.2104	1.8605	3.0887	94.074	12.475	20.788	715.61	-0.11160	12.368	0.095876	vapor
148.00	1.4763	0.12139	8.2382	1.8667	3.0991	94.144	12.475	20.788	716.82	-0.11166	12.396	0.096097	vapor
148.50	1.4763	0.12098	8.2660	1.8730	3.1095	94.214	12.474	20.788	718.02	-0.11172	12.423	0.096318	vapor
149.00	1.4763	0.12057	8.2938	1.8792	3.1198	94.284	12.474	20.788	719.23	-0.11177	12.451	0.096538	vapor
149.50	1.4763	0.12017	8.3216	1.8854	3.1302	94.354	12.474	20.788	720.43	-0.11183	12.479	0.096758	vapor
150.00	1.4763	0.11977	8.3494	1.8917	3.1406	94.423	12.474	20.788	721.63	-0.11188	12.506	0.096978	vapor
150.50	1.4763	0.11937	8.3772	1.8979	3.1510	94.493	12.474	20.788	722.83	-0.11194	12.534	0.097197	vapor
151.00	1.4763	0.11898	8.4050	1.9041	3.1614	94.561	12.474	20.788	724.02	-0.11199	12.561	0.097417	vapor
151.50	1.4763	0.11859	8.4327	1.9104	3.1718	94.630	12.474	20.788	725.22	-0.11204	12.589	0.097636	vapor
152.00	1.4763	0.11820	8.4605	1.9166	3.1822	94.699	12.474	20.788	726.41	-0.11210	12.616	0.097855	vapor
152.50	1.4763	0.11781	8.4883	1.9228	3.1926	94.767	12.474	20.788	727.60	-0.11215	12.644	0.098074	vapor
153.00	1.4763	0.11742	8.5161	1.9291	3.2030	94.835	12.474	20.787	728.79	-0.11220	12.671	0.098293	vapor
153.50	1.4763	0.11704	8.5439	1.9353	3.2134	94.903	12.474	20.787	729.97	-0.11225	12.698	0.098511	vapor
154.00	1.4763	0.11666	8.5717	1.9416	3.2238	94.970	12.474	20.787	731.16	-0.11230	12.726	0.098729	vapor
154.50	1.4763	0.11629	8.5995	1.9478	3.2342	95.038	12.474	20.787	732.34	-0.11235	12.753	0.098947	vapor
155.00	1.4763	0.11591	8.6273	1.9540	3.2446	95.105	12.474	20.787	733.52	-0.11239	12.780	0.099165	vapor
155.50	1.4763	0.11554	8.6551	1.9603	3.2550	95.172	12.474	20.787	734.70	-0.11244	12.808	0.099383	vapor
156.00	1.4763	0.11517	8.6828	1.9665	3.2654	95.239	12.474	20.787	735.88	-0.11249	12.835	0.099600	vapor
156.50	1.4763	0.11480	8.7106	1.9727	3.2758	95.305	12.474	20.787	737.05	-0.11253	12.862	0.099817	vapor
157.00	1.4763	0.11444	8.7384	1.9790	3.2861	95.371	12.474	20.787	738.22	-0.11258	12.889	0.10003	vapor
157.50	1.4763	0.11407	8.7662	1.9852	3.2965	95.438	12.474	20.787	739.40	-0.11262	12.917	0.10025	vapor
158.00	1.4763	0.11371	8.7940	1.9915	3.3069	95.503	12.474	20.787	740.56	-0.11267	12.944	0.10047	vapor
158.50	1.4763	0.11336	8.8218	1.9977	3.3173	95.569	12.474	20.787	741.73	-0.11271	12.971	0.10068	vapor
159.00	1.4763	0.11300	8.8496	2.0039	3.3277	95.635	12.474	20.787	742.90	-0.11275	12.998	0.10090	vapor
159.50	1.4763	0.11265	8.8774	2.0102	3.3381	95.700	12.474	20.787	744.06	-0.11279	13.025	0.10112	vapor
160.00	1.4763	0.11229	8.9052	2.0164	3.3485	95.765	12.474	20.787	745.22	-0.11283	13.052	0.10133	vapor
160.50	1.4763	0.11195	8.9329	2.0226	3.3589	95.830	12.474	20.787	746.38	-0.11287	13.079	0.10155	vapor
161.00	1.4763	0.11160	8.9607	2.0289	3.3693	95.894	12.474	20.787	747.54	-0.11291	13.106	0.10176	vapor
161.50	1.4763	0.11125	8.9885	2.0351	3.3797	95.959	12.474	20.787	748.70	-0.11295	13.133	0.10198	vapor
162.00	1.4763	0.11091	9.0163	2.0413	3.3901	96.023	12.474	20.787	749.85	-0.11299	13.160	0.10219	vapor
162.50	1.4763	0.11057	9.0441	2.0476	3.4005	96.087	12.474	20.787	751.01	-0.11303	13.187	0.10241	vapor
163.00	1.4763	0.11023	9.0719	2.0538	3.4109	96.151	12.474	20.787	752.16	-0.11307	13.214	0.10262	vapor
163.50	1.4763	0.10989	9.0997	2.0601	3.4213	96.215	12.474	20.787	753.31	-0.11311	13.241	0.10284	vapor
164.00	1.4763	0.10956	9.1275	2.0663	3.4317	96.278	12.474	20.787	754.45	-0.11314	13.268	0.10305	vapor
164.50	1.4763	0.10923	9.1552	2.0725	3.4420	96.341	12.474	20.787	755.60	-0.11318	13.294	0.10327	vapor
165.00	1.4763	0.10890	9.1830	2.0788	3.4524	96.405	12.474	20.787	756.74	-0.11321	13.321	0.10348	vapor
165.50	1.4763	0.10857	9.2108	2.0850	3.4628	96.467	12.474	20.787	757.89	-0.11325	13.348	0.10369	vapor
166.00	1.4763	0.10824	9.2386	2.0912	3.4732	96.530	12.474	20.787	759.03	-0.11328	13.375	0.10391	vapor
166.50	1.4763	0.10792	9.2664	2.0975	3.4836	96.593	12.474	20.787	760.17	-0.11332	13.402	0.10412	vapor
167.00	1.4763	0.10759	9.2942	2.1037	3.4940	96.655	12.474	20.787	761.30	-0.11335	13.428	0.10433	vapor
167.50	1.4763	0.10727	9.3220	2.1099	3.5044	96.717	12.474	20.787	762.44	-0.11338	13.455	0.10455	vapor
168.00	1.4763	0.10695	9.3498	2.1162	3.5148	96.779	12.474	20.787	763.57	-0.11341	13.482	0.10476	vapor
168.50	1.4763	0.10664	9.3776	2.1224	3.5252	96.841	12.474	20.787	764.71	-0.11344	13.508	0.10497	vapor
169.00	1.4763	0.10632	9.4053	2.1287	3.5356	96.902	12.474	20.787	765.84	-0.11348	13.535	0.10518	vapor
169.50	1.4763	0.10601	9.4331	2.1349	3.5460	96.964	12.474	20.787	766.97	-0.11351	13.562	0.10540	vapor
170.00	1.4763	0.10570	9.4609	2.1411	3.5564	97.025	12.474	20.787	768.09	-0.11354	13.588	0.10561	vapor
170.50	1.4763	0.10539	9.4887	2.1474	3.5668	97.086	12.474	20.787	769.22	-0.11357	13.615	0.10582	vapor
171.00	1.4763	0.10508	9.5165	2.1536	3.5772	97.147	12.474	20.787	770.34	-0.11360	13.641	0.10603	vapor
171.50	1.4763	0.10477	9.5443	2.1598	3.5876	97.208	12.474	20.787	771.47	-0.11362	13.668	0.10624	vapor
172.00	1.4763	0.10447	9.5721	2.1661	3.5979	97.268	12.474	20.787	772.59	-0.11365	13.694	0.10645	vapor
172.50	1.4763	0.10417	9.5999	2.1723	3.6083	97.329	12.474	20.787	773.71	-0.11368	13.721	0.10667	vapor
173.00	1.4763	0.10387	9.6276	2.1786	3.6187	97.389	12.474	20.787	774.82	-0.11371	13.747	0.10688	vapor
173.50	1.4763	0.10357	9.6554	2.1848	3.6291	97.449	12.474	20.787	775.94	-0.11373	13.774	0.10709	vapor
174.00	1.4763	0.10327	9.6832	2.1910	3.6395	97.509	12.474	20.787	777.05	-0.11376	13.800	0.10730	vapor
174.50	1.4763	0.10298	9.7110	2.1973	3.6499	97.568	12.474	20.787	778.17	-0.11379	13.827	0.10751	vapor
175.00	1.4763	0.10268	9.7388	2.2035	3.6603	97.628	12.474	20.787	779.28	-0.11381	13.853	0.10772	vapor
175.50	1.4763	0.10239	9.7666	2.2097	3.6707	97.687	12.474	20.787	780.39	-0.11384	13.879	0.10793	vapor
176.00	1.4763	0.10210	9.7944	2.2160	3.6811	97.746	12.474	20.787	781.49	-0.11386	13.906	0.10814	vapor
176.50	1.4763	0.10181	9.8222	2.2222	3.6915	97.805	12.474	20.787	782.60	-0.11389	13.932	0.10835	vapor
177.00	1.4763	0.10152	9.8500	2.2284	3.7019	97.864	12.474	20.787	783.71	-0.11391	13.958	0.10856	vapor
177.50	1.4763	0.10124	9.8777	2.2347	3.7123	97.923	12.474	20.787	784.81	-0.11393	13.984	0.10877	vapor
178.00	1.4763	0.10095	9.9055	2.2409	3.7227	97.981	12.474	20.787	785.91	-0.11396	14.011	0.10898	vapor
178.50	1.4763	0.10067	9.9333	2.2472	3.7331	98.039	12.474	20.787	787.01	-0.11398	14.037	0.10919	vapor
179.00	1.4763	0.10039	9.9611	2.2534	3.7435	98.097	12.474	20.787	788.11	-0.11400	14.063	0.10939	vapor
179.50	1.4763	0.10011	9.9889	2.2596	3.7538	98.155	12.474	20.787	789.21	-0.11402	14.089	0.10960	vapor
180.00	1.4763	0.099833	10.017	2.2659	3.7642	98.213	12.474	20.786	790.30	-0.11404	14.115	0.10981	vapor
180.50	1.4763	0.099557	10.044	2.2721	3.7746	98.271	12.474	20.786	791.40	-0.11406	14.142	0.11002	vapor
181.00	1.4763	0.099283	10.072	2.2783	3.7850	98.328	12.474	20.786	792.49	-0.11408	14.168	0.11023	vapor
181.50	1.4763	0.099009	10.100	2.2846	3.7954	98.386	12.474	20.786	793.58	-0.11410	14.194	0.11044	vapor
182.00	1.4763	0.098738	10.128	2.2908	3.8058	98.443	12.474	20.786	794.67	-0.11412	14.220	0.11064	vapor
182.50	1.4763	0.098468	10.156	2.2970	3.8162	98.500	12.474	20.786	795.76	-0.11414	14.246	0.11085	vapor
183.00	1.4763	0.098199	10.183	2.3033	3.8266	98.557	12.474	20.786	796.84	-0.11416	14.272	0.11106	vapor
183.50	1.4763	0.097932	10.211	2.3095	3.8370	98.614	12.474	20.786	797.93	-0.11418	14.298	0.11127	vapor
184.00	1.4763	0.097666	10.239	2.3158	3.8474	98.670	12.474	20.786	799.01	-0.11420	14.324	0.11147	vapor
184.50	1.4763	0.097402	10.267	2.3220	3.8578	98.727	12.474	20.786	800.09	-0.11422	14.350	0.11168	vapor
185.00	1.4763	0.097139	10.295	2.3282	3.8682	98.783	12.474	20.786	801.18	-0.11424	14.376	0.11189	vapor
185.50	1.4763	0.096877	10.322	2.3345	3.8786	98.839	12.474	20.786	802.25	-0.11425	14.402	0.11209	vapor
186.00	1.4763	0.096617	10.350	2.3407	3.8890	98.895	12.474	20.786	803.33	-0.11427	14.428	0.11230	vapor
186.50	1.4763	0.096358	10.378	2.3469	3.8994	98.951	12.474	20.786	804.41	-0.11429	14.454	0.11251	vapor
187.00	1.4763	0.096101	10.406	2.3532	3.9097	99.006	12.474	20.786	805.48	-0.11430	14.480	0.11271	vapor
187.50	1.4763	0.095845	10.433	2.3594	3.9201	99.062	12.474	20.786	806.56	-0.11432	14.505	0.11292	vapor
188.00	1.4763	0.095591	10.461	2.3656	3.9305	99.117	12.474	20.786	807.63	-0.11433	14.531	0.11313	vapor
188.50	1.4763	0.095337	10.489	2.3719	3.9409	99.172	12.474	20.786	808.70	-0.11435	14.557	0.11333	vapor
189.00	1.4763	0.095085	10.517	2.3781	3.9513	99.227	12.474	20.786	809.77	-0.11436	14.583	0.11354	vapor
189.50	1.4763	0.094835	10.545	2.3844	3.9617	99.282	12.474	20.786	810.84	-0.11438	14.609	0.11374	vapor
190.00	1.4763	0.094586	10.572	2.3906	3.9721	99.337	12.474	20.786	811.90	-0.11439	14.635	0.11395	vapor
190.50	1.4763	0.094338	10.600	2.3968	3.9825	99.392	12.474	20.786	812.97	-0.11441	14.660	0.11415	vapor
191.00	1.4763	0.094091	10.628	2.4031	3.9929	99.446	12.474	20.786	814.03	-0.11442	14.686	0.11436	vapor
191.50	1.4763	0.093846	10.656	2.4093	4.0033	99.501	12.474	20.786	815.09	-0.11443	14.712	0.11456	vapor
192.00	1.4763	0.093601	10.684	2.4155	4.0137	99.555	12.474	20.786	816.16	-0.11445	14.737	0.11477	vapor
192.50	1.4763	0.093359	10.711	2.4218	4.0241	99.609	12.474	20.786	817.21	-0.11446	14.763	0.11497	vapor
193.00	1.4763	0.093117	10.739	2.4280	4.0345	99.663	12.474	20.786	818.27	-0.11447	14.789	0.11518	vapor
193.50	1.4763	0.092877	10.767	2.4342	4.0449	99.717	12.474	20.786	819.33	-0.11448	14.814	0.11538	vapor
194.00	1.4763	0.092638	10.795	2.4405	4.0552	99.770	12.474	20.786	820.39	-0.11450	14.840	0.11558	vapor
194.50	1.4763	0.092400	10.823	2.4467	4.0656	99.824	12.474	20.786	821.44	-0.11451	14.866	0.11579	vapor
195.00	1.4763	0.092163	10.850	2.4530	4.0760	99.877	12.473	20.786	822.49	-0.11452	14.891	0.11599	vapor
195.50	1.4763	0.091928	10.878	2.4592	4.0864	99.930	12.473	20.786	823.54	-0.11453	14.917	0.11620	vapor
196.00	1.4763	0.091694	10.906	2.4654	4.0968	99.983	12.473	20.786	824.59	-0.11454	14.942	0.11640	vapor
196.50	1.4763	0.091461	10.934	2.4717	4.1072	100.04	12.473	20.786	825.64	-0.11455	14.968	0.11660	vapor
197.00	1.4763	0.091229	10.961	2.4779	4.1176	100.09	12.473	20.786	826.69	-0.11456	14.993	0.11681	vapor
197.50	1.4763	0.090998	10.989	2.4841	4.1280	100.14	12.473	20.786	827.74	-0.11457	15.019	0.11701	vapor
198.00	1.4763	0.090768	11.017	2.4904	4.1384	100.19	12.473	20.786	828.78	-0.11458	15.044	0.11721	vapor
198.50	1.4763	0.090540	11.045	2.4966	4.1488	100.25	12.473	20.786	829.82	-0.11459	15.070	0.11741	vapor
199.00	1.4763	0.090313	11.073	2.5028	4.1592	100.30	12.473	20.786	830.87	-0.11460	15.095	0.11762	vapor
199.50	1.4763	0.090087	11.100	2.5091	4.1696	100.35	12.473	20.786	831.91	-0.11461	15.121	0.11782	vapor
200.00	1.4763	0.089862	11.128	2.5153	4.1800	100.40	12.473	20.786	832.95	-0.11462	15.146	0.11802	vapor
200.50	1.4763	0.089638	11.156	2.5216	4.1904	100.46	12.473	20.786	833.98	-0.11462	15.171	0.11822	vapor
201.00	1.4763	0.089415	11.184	2.5278	4.2008	100.51	12.473	20.786	835.02	-0.11463	15.197	0.11843	vapor
201.50	1.4763	0.089194	11.212	2.5340	4.2111	100.56	12.473	20.786	836.06	-0.11464	15.222	0.11863	vapor
202.00	1.4763	0.088973	11.239	2.5403	4.2215	100.61	12.473	20.786	837.09	-0.11465	15.247	0.11883	vapor
202.50	1.4763	0.088754	11.267	2.5465	4.2319	100.66	12.473	20.786	838.12	-0.11466	15.273	0.11903	vapor
203.00	1.4763	0.088535	11.295	2.5527	4.2423	100.71	12.473	20.786	839.16	-0.11466	15.298	0.11923	vapor
203.50	1.4763	0.088318	11.323	2.5590	4.2527	100.76	12.473	20.786	840.19	-0.11467	15.323	0.11943	vapor
204.00	1.4763	0.088102	11.350	2.5652	4.2631	100.81	12.473	20.786	841.21	-0.11468	15.349	0.11963	vapor
204.50	1.4763	0.087887	11.378	2.5714	4.2735	100.87	12.473	20.786	842.24	-0.11468	15.374	0.11984	vapor
205.00	1.4763	0.087673	11.406	2.5777	4.2839	100.92	12.473	20.786	843.27	-0.11469	15.399	0.12004	vapor
205.50	1.4763	0.087460	11.434	2.5839	4.2943	100.97	12.473	20.786	844.29	-0.11469	15.424	0.12024	vapor
206.00	1.4763	0.087247	11.462	2.5902	4.3047	101.02	12.473	20.786	845.32	-0.11470	15.449	0.12044	vapor
206.50	1.4763	0.087036	11.489	2.5964	4.3151	101.07	12.473	20.786	846.34	-0.11471	15.475	0.12064	vapor
207.00	1.4763	0.086826	11.517	2.6026	4.3255	101.12	12.473	20.786	847.36	-0.11471	15.500	0.12084	vapor
207.50	1.4763	0.086617	11.545	2.6089	4.3359	101.17	12.473	20.786	848.38	-0.11472	15.525	0.12104	vapor
208.00	1.4763	0.086410	11.573	2.6151	4.3463	101.22	12.473	20.786	849.40	-0.11472	15.550	0.12124	vapor
208.50	1.4763	0.086203	11.601	2.6213	4.3566	101.27	12.473	20.786	850.42	-0.11473	15.575	0.12144	vapor
209.00	1.4763	0.085997	11.628	2.6276	4.3670	101.32	12.473	20.786	851.44	-0.11473	15.600	0.12164	vapor
209.50	1.4763	0.085792	11.656	2.6338	4.3774	101.37	12.473	20.786	852.45	-0.11473	15.625	0.12184	vapor
210.00	1.4763	0.085587	11.684	2.6400	4.3878	101.42	12.473	20.786	853.47	-0.11474	15.650	0.12204	vapor
210.50	1.4763	0.085384	11.712	2.6463	4.3982	101.47	12.473	20.786	854.48	-0.11474	15.675	0.12224	vapor
211.00	1.4763	0.085182	11.740	2.6525	4.4086	101.52	12.473	20.786	855.49	-0.11475	15.700	0.12244	vapor
211.50	1.4763	0.084981	11.767	2.6588	4.4190	101.57	12.473	20.786	856.50	-0.11475	15.725	0.12263	vapor
212.00	1.4763	0.084781	11.795	2.6650	4.4294	101.61	12.473	20.786	857.51	-0.11475	15.750	0.12283	vapor
212.50	1.4763	0.084582	11.823	2.6712	4.4398	101.66	12.473	20.786	858.52	-0.11475	15.775	0.12303	vapor
213.00	1.4763	0.084383	11.851	2.6775	4.4502	101.71	12.473	20.786	859.53	-0.11476	15.800	0.12323	vapor
213.50	1.4763	0.084186	11.878	2.6837	4.4606	101.76	12.473	20.786	860.54	-0.11476	15.825	0.12343	vapor
214.00	1.4763	0.083989	11.906	2.6899	4.4710	101.81	12.473	20.786	861.54	-0.11476	15.850	0.12363	vapor
214.50	1.4763	0.083794	11.934	2.6962	4.4814	101.86	12.473	20.786	862.54	-0.11476	15.875	0.12383	vapor
215.00	1.4763	0.083599	11.962	2.7024	4.4918	101.91	12.473	20.786	863.55	-0.11477	15.900	0.12402	vapor
215.50	1.4763	0.083405	11.990	2.7086	4.5021	101.95	12.473	20.786	864.55	-0.11477	15.925	0.12422	vapor
216.00	1.4763	0.083213	12.017	2.7149	4.5125	102.00	12.473	20.786	865.55	-0.11477	15.950	0.12442	vapor
216.50	1.4763	0.083021	12.045	2.7211	4.5229	102.05	12.473	20.786	866.55	-0.11477	15.975	0.12462	vapor
217.00	1.4763	0.082830	12.073	2.7274	4.5333	102.10	12.473	20.786	867.55	-0.11477	15.999	0.12481	vapor
217.50	1.4763	0.082639	12.101	2.7336	4.5437	102.15	12.473	20.786	868.54	-0.11477	16.024	0.12501	vapor
218.00	1.4763	0.082450	12.129	2.7398	4.5541	102.19	12.473	20.786	869.54	-0.11477	16.049	0.12521	vapor
218.50	1.4763	0.082262	12.156	2.7461	4.5645	102.24	12.473	20.786	870.53	-0.11478	16.074	0.12541	vapor
219.00	1.4763	0.082074	12.184	2.7523	4.5749	102.29	12.473	20.786	871.53	-0.11478	16.099	0.12560	vapor
219.50	1.4763	0.081887	12.212	2.7585	4.5853	102.34	12.473	20.786	872.52	-0.11478	16.123	0.12580	vapor
220.00	1.4763	0.081701	12.240	2.7648	4.5957	102.38	12.473	20.786	873.51	-0.11478	16.148	0.12600	vapor
220.50	1.4763	0.081516	12.267	2.7710	4.6061	102.43	12.473	20.786	874.50	-0.11478	16.173	0.12619	vapor
221.00	1.4763	0.081332	12.295	2.7772	4.6165	102.48	12.473	20.786	875.49	-0.11478	16.197	0.12639	vapor
221.50	1.4763	0.081149	12.323	2.7835	4.6269	102.53	12.473	20.786	876.48	-0.11478	16.222	0.12659	vapor
222.00	1.4763	0.080966	12.351	2.7897	4.6373	102.57	12.473	20.786	877.46	-0.11478	16.247	0.12678	vapor
222.50	1.4763	0.080784	12.379	2.7959	4.6476	102.62	12.473	20.786	878.45	-0.11478	16.271	0.12698	vapor
223.00	1.4763	0.080603	12.406	2.8022	4.6580	102.67	12.473	20.786	879.43	-0.11477	16.296	0.12717	vapor
223.50	1.4763	0.080423	12.434	2.8084	4.6684	102.71	12.473	20.786	880.42	-0.11477	16.321	0.12737	vapor
224.00	1.4763	0.080244	12.462	2.8147	4.6788	102.76	12.473	20.786	881.40	-0.11477	16.345	0.12757	vapor
224.50	1.4763	0.080065	12.490	2.8209	4.6892	102.81	12.473	20.786	882.38	-0.11477	16.370	0.12776	vapor
225.00	1.4763	0.079888	12.518	2.8271	4.6996	102.85	12.473	20.786	883.36	-0.11477	16.394	0.12796	vapor
225.50	1.4763	0.079711	12.545	2.8334	4.7100	102.90	12.473	20.786	884.34	-0.11477	16.419	0.12815	vapor
226.00	1.4763	0.079534	12.573	2.8396	4.7204	102.94	12.473	20.786	885.32	-0.11477	16.444	0.12835	vapor
226.50	1.4763	0.079359	12.601	2.8458	4.7308	102.99	12.473	20.786	886.29	-0.11477	16.468	0.12854	vapor
227.00	1.4763	0.079184	12.629	2.8521	4.7412	103.04	12.473	20.786	887.27	-0.11476	16.493	0.12874	vapor
227.50	1.4763	0.079011	12.657	2.8583	4.7516	103.08	12.473	20.786	888.24	-0.11476	16.517	0.12893	vapor
228.00	1.4763	0.078838	12.684	2.8645	4.7620	103.13	12.473	20.786	889.22	-0.11476	16.542	0.12913	vapor
228.50	1.4763	0.078665	12.712	2.8708	4.7724	103.17	12.473	20.786	890.19	-0.11476	16.566	0.12932	vapor
229.00	1.4763	0.078494	12.740	2.8770	4.7828	103.22	12.473	20.786	891.16	-0.11475	16.591	0.12952	vapor
229.50	1.4763	0.078323	12.768	2.8833	4.7931	103.26	12.473	20.786	892.13	-0.11475	16.615	0.12971	vapor
230.00	1.4763	0.078153	12.795	2.8895	4.8035	103.31	12.473	20.786	893.10	-0.11475	16.639	0.12990	vapor
230.50	1.4763	0.077983	12.823	2.8957	4.8139	103.35	12.473	20.786	894.07	-0.11475	16.664	0.13010	vapor
231.00	1.4763	0.077815	12.851	2.9020	4.8243	103.40	12.473	20.786	895.04	-0.11474	16.688	0.13029	vapor
231.50	1.4763	0.077647	12.879	2.9082	4.8347	103.44	12.473	20.786	896.00	-0.11474	16.713	0.13049	vapor
232.00	1.4763	0.077480	12.907	2.9144	4.8451	103.49	12.473	20.786	896.97	-0.11474	16.737	0.13068	vapor
232.50	1.4763	0.077313	12.934	2.9207	4.8555	103.53	12.473	20.786	897.93	-0.11473	16.761	0.13087	vapor
233.00	1.4763	0.077147	12.962	2.9269	4.8659	103.58	12.473	20.786	898.90	-0.11473	16.786	0.13107	vapor
233.50	1.4763	0.076982	12.990	2.9331	4.8763	103.62	12.473	20.786	899.86	-0.11472	16.810	0.13126	vapor
234.00	1.4763	0.076818	13.018	2.9394	4.8867	103.67	12.473	20.786	900.82	-0.11472	16.834	0.13145	vapor
234.50	1.4763	0.076654	13.046	2.9456	4.8971	103.71	12.473	20.786	901.78	-0.11472	16.859	0.13165	vapor
235.00	1.4763	0.076492	13.073	2.9519	4.9075	103.76	12.473	20.786	902.74	-0.11471	16.883	0.13184	vapor
235.50	1.4763	0.076329	13.101	2.9581	4.9179	103.80	12.473	20.786	903.70	-0.11471	16.907	0.13203	vapor
236.00	1.4763	0.076168	13.129	2.9643	4.9283	103.84	12.473	20.786	904.65	-0.11470	16.932	0.13222	vapor
236.50	1.4763	0.076007	13.157	2.9706	4.9386	103.89	12.473	20.786	905.61	-0.11470	16.956	0.13242	vapor
237.00	1.4763	0.075847	13.184	2.9768	4.9490	103.93	12.473	20.786	906.56	-0.11469	16.980	0.13261	vapor
237.50	1.4763	0.075687	13.212	2.9830	4.9594	103.98	12.473	20.786	907.52	-0.11469	17.004	0.13280	vapor
238.00	1.4763	0.075528	13.240	2.9893	4.9698	104.02	12.473	20.786	908.47	-0.11469	17.028	0.13299	vapor
238.50	1.4763	0.075370	13.268	2.9955	4.9802	104.06	12.473	20.786	909.42	-0.11468	17.053	0.13319	vapor
239.00	1.4763	0.075213	13.296	3.0017	4.9906	104.11	12.473	20.786	910.37	-0.11467	17.077	0.13338	vapor
239.50	1.4763	0.075056	13.323	3.0080	5.0010	104.15	12.473	20.786	911.32	-0.11467	17.101	0.13357	vapor
240.00	1.4763	0.074900	13.351	3.0142	5.0114	104.19	12.473	20.786	912.27	-0.11466	17.125	0.13376	vapor
240.50	1.4763	0.074744	13.379	3.0204	5.0218	104.24	12.473	20.786	913.22	-0.11466	17.149	0.13395	vapor
241.00	1.4763	0.074589	13.407	3.0267	5.0322	104.28	12.473	20.786	914.17	-0.11465	17.173	0.13415	vapor
241.50	1.4763	0.074435	13.435	3.0329	5.0426	104.32	12.473	20.786	915.11	-0.11465	17.197	0.13434	vapor
242.00	1.4763	0.074281	13.462	3.0392	5.0530	104.37	12.473	20.786	916.06	-0.11464	17.222	0.13453	vapor
242.50	1.4763	0.074128	13.490	3.0454	5.0634	104.41	12.473	20.786	917.00	-0.11464	17.246	0.13472	vapor
243.00	1.4763	0.073976	13.518	3.0516	5.0738	104.45	12.473	20.786	917.95	-0.11463	17.270	0.13491	vapor
243.50	1.4763	0.073824	13.546	3.0579	5.0841	104.49	12.473	20.786	918.89	-0.11462	17.294	0.13510	vapor
244.00	1.4763	0.073673	13.574	3.0641	5.0945	104.54	12.473	20.786	919.83	-0.11462	17.318	0.13529	vapor
244.50	1.4763	0.073522	13.601	3.0703	5.1049	104.58	12.473	20.786	920.77	-0.11461	17.342	0.13548	vapor
245.00	1.4763	0.073372	13.629	3.0766	5.1153	104.62	12.473	20.786	921.71	-0.11460	17.366	0.13567	vapor
245.50	1.4763	0.073223	13.657	3.0828	5.1257	104.66	12.473	20.786	922.65	-0.11460	17.390	0.13586	vapor
246.00	1.4763	0.073074	13.685	3.0890	5.1361	104.71	12.473	20.786	923.59	-0.11459	17.414	0.13605	vapor
246.50	1.4763	0.072926	13.712	3.0953	5.1465	104.75	12.473	20.786	924.52	-0.11459	17.438	0.13625	vapor
247.00	1.4763	0.072779	13.740	3.1015	5.1569	104.79	12.473	20.786	925.46	-0.11458	17.462	0.13644	vapor
247.50	1.4763	0.072632	13.768	3.1078	5.1673	104.83	12.473	20.786	926.39	-0.11457	17.486	0.13663	vapor
248.00	1.4763	0.072486	13.796	3.1140	5.1777	104.87	12.473	20.786	927.33	-0.11456	17.510	0.13682	vapor
248.50	1.4763	0.072340	13.824	3.1202	5.1881	104.92	12.473	20.786	928.26	-0.11456	17.533	0.13701	vapor
249.00	1.4763	0.072195	13.851	3.1265	5.1985	104.96	12.473	20.786	929.19	-0.11455	17.557	0.13720	vapor
249.50	1.4763	0.072050	13.879	3.1327	5.2089	105.00	12.473	20.786	930.12	-0.11454	17.581	0.13738	vapor
250.00	1.4763	0.071906	13.907	3.1389	5.2193	105.04	12.473	20.786	931.05	-0.11454	17.605	0.13757	vapor
250.50	1.4763	0.071763	13.935	3.1452	5.2296	105.08	12.473	20.786	931.98	-0.11453	17.629	0.13776	vapor
251.00	1.4763	0.071620	13.963	3.1514	5.2400	105.12	12.473	20.786	932.91	-0.11452	17.653	0.13795	vapor
251.50	1.4763	0.071478	13.990	3.1576	5.2504	105.17	12.473	20.786	933.83	-0.11451	17.677	0.13814	vapor
252.00	1.4763	0.071336	14.018	3.1639	5.2608	105.21	12.473	20.786	934.76	-0.11450	17.700	0.13833	vapor
252.50	1.4763	0.071195	14.046	3.1701	5.2712	105.25	12.473	20.786	935.69	-0.11450	17.724	0.13852	vapor
253.00	1.4763	0.071054	14.074	3.1763	5.2816	105.29	12.473	20.785	936.61	-0.11449	17.748	0.13871	vapor
253.50	1.4763	0.070914	14.101	3.1826	5.2920	105.33	12.473	20.785	937.53	-0.11448	17.772	0.13890	vapor
254.00	1.4763	0.070775	14.129	3.1888	5.3024	105.37	12.473	20.785	938.46	-0.11447	17.796	0.13909	vapor
254.50	1.4763	0.070636	14.157	3.1951	5.3128	105.41	12.473	20.785	939.38	-0.11446	17.819	0.13928	vapor
255.00	1.4763	0.070498	14.185	3.2013	5.3232	105.45	12.473	20.785	940.30	-0.11446	17.843	0.13946	vapor
255.50	1.4763	0.070360	14.213	3.2075	5.3336	105.49	12.473	20.785	941.22	-0.11445	17.867	0.13965	vapor
256.00	1.4763	0.070223	14.240	3.2138	5.3440	105.53	12.473	20.785	942.14	-0.11444	17.891	0.13984	vapor
256.50	1.4763	0.070086	14.268	3.2200	5.3544	105.58	12.473	20.785	943.06	-0.11443	17.914	0.14003	vapor
257.00	1.4763	0.069950	14.296	3.2262	5.3648	105.62	12.473	20.785	943.97	-0.11442	17.938	0.14022	vapor
257.50	1.4763	0.069814	14.324	3.2325	5.3751	105.66	12.473	20.785	944.89	-0.11441	17.962	0.14040	vapor
258.00	1.4763	0.069679	14.352	3.2387	5.3855	105.70	12.473	20.785	945.80	-0.11440	17.985	0.14059	vapor
258.50	1.4763	0.069544	14.379	3.2449	5.3959	105.74	12.473	20.785	946.72	-0.11440	18.009	0.14078	vapor
259.00	1.4763	0.069410	14.407	3.2512	5.4063	105.78	12.473	20.785	947.63	-0.11439	18.033	0.14097	vapor
259.50	1.4763	0.069276	14.435	3.2574	5.4167	105.82	12.473	20.785	948.54	-0.11438	18.056	0.14115	vapor
260.00	1.4763	0.069143	14.463	3.2637	5.4271	105.86	12.473	20.785	949.46	-0.11437	18.080	0.14134	vapor
260.50	1.4763	0.069011	14.491	3.2699	5.4375	105.90	12.473	20.785	950.37	-0.11436	18.104	0.14153	vapor
261.00	1.4763	0.068879	14.518	3.2761	5.4479	105.94	12.473	20.785	951.28	-0.11435	18.127	0.14172	vapor
261.50	1.4763	0.068747	14.546	3.2824	5.4583	105.98	12.473	20.785	952.19	-0.11434	18.151	0.14190	vapor
262.00	1.4763	0.068616	14.574	3.2886	5.4687	106.02	12.473	20.785	953.10	-0.11433	18.174	0.14209	vapor
262.50	1.4763	0.068485	14.602	3.2948	5.4791	106.06	12.473	20.785	954.00	-0.11432	18.198	0.14228	vapor
263.00	1.4763	0.068355	14.629	3.3011	5.4895	106.10	12.473	20.785	954.91	-0.11431	18.221	0.14246	vapor
263.50	1.4763	0.068226	14.657	3.3073	5.4999	106.13	12.473	20.785	955.82	-0.11430	18.245	0.14265	vapor
264.00	1.4763	0.068097	14.685	3.3135	5.5103	106.17	12.473	20.785	956.72	-0.11429	18.268	0.14284	vapor
264.50	1.4763	0.067968	14.713	3.3198	5.5206	106.21	12.473	20.785	957.62	-0.11428	18.292	0.14302	vapor
265.00	1.4763	0.067840	14.741	3.3260	5.5310	106.25	12.473	20.785	958.53	-0.11427	18.315	0.14321	vapor
265.50	1.4763	0.067712	14.768	3.3322	5.5414	106.29	12.473	20.785	959.43	-0.11426	18.339	0.14340	vapor
266.00	1.4763	0.067585	14.796	3.3385	5.5518	106.33	12.473	20.785	960.33	-0.11425	18.362	0.14358	vapor
266.50	1.4763	0.067458	14.824	3.3447	5.5622	106.37	12.473	20.785	961.23	-0.11424	18.386	0.14377	vapor
267.00	1.4763	0.067332	14.852	3.3510	5.5726	106.41	12.473	20.785	962.13	-0.11423	18.409	0.14395	vapor
267.50	1.4763	0.067206	14.880	3.3572	5.5830	106.45	12.473	20.785	963.03	-0.11422	18.433	0.14414	vapor
268.00	1.4763	0.067081	14.907	3.3634	5.5934	106.49	12.473	20.785	963.93	-0.11421	18.456	0.14433	vapor
268.50	1.4763	0.066956	14.935	3.3697	5.6038	106.53	12.473	20.785	964.83	-0.11420	18.480	0.14451	vapor
269.00	1.4763	0.066832	14.963	3.3759	5.6142	106.56	12.473	20.785	965.72	-0.11419	18.503	0.14470	vapor
269.50	1.4763	0.066708	14.991	3.3821	5.6246	106.60	12.473	20.785	966.62	-0.11418	18.526	0.14488	vapor
270.00	1.4763	0.066585	15.018	3.3884	5.6350	106.64	12.473	20.785	967.51	-0.11417	18.550	0.14507	vapor
270.50	1.4763	0.066462	15.046	3.3946	5.6454	106.68	12.473	20.785	968.41	-0.11416	18.573	0.14525	vapor
271.00	1.4763	0.066339	15.074	3.4008	5.6557	106.72	12.473	20.785	969.30	-0.11415	18.596	0.14544	vapor
271.50	1.4763	0.066217	15.102	3.4071	5.6661	106.76	12.473	20.785	970.19	-0.11414	18.620	0.14562	vapor
272.00	1.4763	0.066095	15.130	3.4133	5.6765	106.79	12.473	20.785	971.08	-0.11413	18.643	0.14581	vapor
272.50	1.4763	0.065974	15.157	3.4196	5.6869	106.83	12.473	20.785	971.97	-0.11412	18.666	0.14599	vapor
273.00	1.4763	0.065854	15.185	3.4258	5.6973	106.87	12.473	20.785	972.86	-0.11411	18.690	0.14618	vapor
273.50	1.4763	0.065733	15.213	3.4320	5.7077	106.91	12.473	20.785	973.75	-0.11410	18.713	0.14636	vapor
274.00	1.4763	0.065613	15.241	3.4383	5.7181	106.95	12.473	20.785	974.64	-0.11409	18.736	0.14655	vapor
274.50	1.4763	0.065494	15.269	3.4445	5.7285	106.98	12.473	20.785	975.53	-0.11407	18.760	0.14673	vapor
275.00	1.4763	0.065375	15.296	3.4507	5.7389	107.02	12.473	20.785	976.42	-0.11406	18.783	0.14692	vapor
275.50	1.4763	0.065256	15.324	3.4570	5.7493	107.06	12.473	20.785	977.30	-0.11405	18.806	0.14710	vapor
276.00	1.4763	0.065138	15.352	3.4632	5.7597	107.10	12.473	20.785	978.19	-0.11404	18.829	0.14728	vapor
276.50	1.4763	0.065021	15.380	3.4694	5.7701	107.14	12.473	20.785	979.07	-0.11403	18.852	0.14747	vapor
277.00	1.4763	0.064903	15.408	3.4757	5.7805	107.17	12.473	20.785	979.95	-0.11402	18.876	0.14765	vapor
277.50	1.4763	0.064787	15.435	3.4819	5.7909	107.21	12.473	20.785	980.84	-0.11401	18.899	0.14784	vapor
278.00	1.4763	0.064670	15.463	3.4881	5.8012	107.25	12.473	20.785	981.72	-0.11400	18.922	0.14802	vapor
278.50	1.4763	0.064554	15.491	3.4944	5.8116	107.29	12.473	20.785	982.60	-0.11398	18.945	0.14820	vapor
279.00	1.4763	0.064438	15.519	3.5006	5.8220	107.32	12.473	20.785	983.48	-0.11397	18.968	0.14839	vapor
279.50	1.4763	0.064323	15.546	3.5069	5.8324	107.36	12.473	20.785	984.36	-0.11396	18.992	0.14857	vapor
280.00	1.4763	0.064209	15.574	3.5131	5.8428	107.40	12.473	20.785	985.24	-0.11395	19.015	0.14875	vapor
280.50	1.4763	0.064094	15.602	3.5193	5.8532	107.43	12.473	20.785	986.12	-0.11394	19.038	0.14894	vapor
281.00	1.4763	0.063980	15.630	3.5256	5.8636	107.47	12.473	20.785	986.99	-0.11393	19.061	0.14912	vapor
281.50	1.4763	0.063867	15.658	3.5318	5.8740	107.51	12.473	20.785	987.87	-0.11391	19.084	0.14930	vapor
282.00	1.4763	0.063754	15.685	3.5380	5.8844	107.55	12.473	20.785	988.74	-0.11390	19.107	0.14949	vapor
282.50	1.4763	0.063641	15.713	3.5443	5.8948	107.58	12.473	20.785	989.62	-0.11389	19.130	0.14967	vapor
283.00	1.4763	0.063528	15.741	3.5505	5.9052	107.62	12.473	20.785	990.49	-0.11388	19.153	0.14985	vapor
283.50	1.4763	0.063416	15.769	3.5567	5.9156	107.66	12.473	20.785	991.37	-0.11387	19.176	0.15003	vapor
284.00	1.4763	0.063305	15.797	3.5630	5.9260	107.69	12.473	20.785	992.24	-0.11385	19.199	0.15022	vapor
284.50	1.4763	0.063194	15.824	3.5692	5.9364	107.73	12.473	20.785	993.11	-0.11384	19.223	0.15040	vapor
285.00	1.4763	0.063083	15.852	3.5754	5.9467	107.76	12.473	20.785	993.98	-0.11383	19.246	0.15058	vapor
285.50	1.4763	0.062973	15.880	3.5817	5.9571	107.80	12.473	20.785	994.85	-0.11382	19.269	0.15076	vapor
286.00	1.4763	0.062863	15.908	3.5879	5.9675	107.84	12.473	20.785	995.72	-0.11381	19.292	0.15095	vapor
286.50	1.4763	0.062753	15.935	3.5942	5.9779	107.87	12.473	20.785	996.59	-0.11379	19.315	0.15113	vapor
287.00	1.4763	0.062644	15.963	3.6004	5.9883	107.91	12.473	20.785	997.46	-0.11378	19.338	0.15131	vapor
287.50	1.4763	0.062535	15.991	3.6066	5.9987	107.95	12.473	20.785	998.33	-0.11377	19.361	0.15149	vapor
288.00	1.4763	0.062426	16.019	3.6129	6.0091	107.98	12.473	20.785	999.19	-0.11376	19.383	0.15167	vapor
288.50	1.4763	0.062318	16.047	3.6191	6.0195	108.02	12.473	20.785	1000.1	-0.11374	19.406	0.15186	vapor
289.00	1.4763	0.062211	16.074	3.6253	6.0299	108.05	12.473	20.785	1000.9	-0.11373	19.429	0.15204	vapor
289.50	1.4763	0.062103	16.102	3.6316	6.0403	108.09	12.473	20.785	1001.8	-0.11372	19.452	0.15222	vapor
290.00	1.4763	0.061996	16.130	3.6378	6.0507	108.13	12.473	20.785	1002.6	-0.11371	19.475	0.15240	vapor
290.50	1.4763	0.061890	16.158	3.6440	6.0611	108.16	12.473	20.785	1003.5	-0.11369	19.498	0.15258	vapor
291.00	1.4763	0.061783	16.186	3.6503	6.0715	108.20	12.473	20.785	1004.4	-0.11368	19.521	0.15276	vapor
291.50	1.4763	0.061677	16.213	3.6565	6.0818	108.23	12.473	20.785	1005.2	-0.11367	19.544	0.15294	vapor
292.00	1.4763	0.061572	16.241	3.6628	6.0922	108.27	12.473	20.785	1006.1	-0.11366	19.567	0.15313	vapor
292.50	1.4763	0.061467	16.269	3.6690	6.1026	108.30	12.473	20.785	1007.0	-0.11364	19.590	0.15331	vapor
293.00	1.4763	0.061362	16.297	3.6752	6.1130	108.34	12.473	20.785	1007.8	-0.11363	19.613	0.15349	vapor
293.50	1.4763	0.061258	16.325	3.6815	6.1234	108.38	12.473	20.785	1008.7	-0.11362	19.635	0.15367	vapor
294.00	1.4763	0.061153	16.352	3.6877	6.1338	108.41	12.473	20.785	1009.5	-0.11361	19.658	0.15385	vapor
294.50	1.4763	0.061050	16.380	3.6939	6.1442	108.45	12.473	20.785	1010.4	-0.11359	19.681	0.15403	vapor
295.00	1.4763	0.060946	16.408	3.7002	6.1546	108.48	12.473	20.785	1011.2	-0.11358	19.704	0.15421	vapor
295.50	1.4763	0.060843	16.436	3.7064	6.1650	108.52	12.473	20.785	1012.1	-0.11357	19.727	0.15439	vapor
296.00	1.4763	0.060741	16.463	3.7126	6.1754	108.55	12.473	20.785	1013.0	-0.11355	19.749	0.15457	vapor
296.50	1.4763	0.060638	16.491	3.7189	6.1858	108.59	12.473	20.785	1013.8	-0.11354	19.772	0.15475	vapor
297.00	1.4763	0.060536	16.519	3.7251	6.1962	108.62	12.473	20.785	1014.7	-0.11353	19.795	0.15493	vapor
297.50	1.4763	0.060435	16.547	3.7313	6.2066	108.66	12.473	20.785	1015.5	-0.11351	19.818	0.15511	vapor
298.00	1.4763	0.060333	16.575	3.7376	6.2170	108.69	12.473	20.785	1016.4	-0.11350	19.841	0.15529	vapor
298.50	1.4763	0.060232	16.602	3.7438	6.2273	108.73	12.473	20.785	1017.2	-0.11349	19.863	0.15547	vapor
299.00	1.4763	0.060132	16.630	3.7501	6.2377	108.76	12.473	20.785	1018.1	-0.11347	19.886	0.15565	vapor
299.50	1.4763	0.060031	16.658	3.7563	6.2481	108.80	12.473	20.785	1018.9	-0.11346	19.909	0.15583	vapor
300.00	1.4763	0.059931	16.686	3.7625	6.2585	108.83	12.473	20.785	1019.8	-0.11345	19.931	0.15601	vapor
