Temperature (K)	Pressure (atm)	Density (mol/l)	Volume (l/mol)	Internal Energy (kJ/mol)	Enthalpy (kJ/mol)	Entropy (J/mol*K)	Cv (J/mol*K)	Cp (J/mol*K)	Sound Spd. (m/s)	Joule-Thomson (F/atm)	Viscosity (uPa*s)	Therm. Cond. (W/m*K)	Phase
4.0000	1.4083	32.933	0.030364	-0.0082188	-0.0038860	-1.2561	9.9058	16.680	197.62	-0.15264	3.4293	0.018930	liquid
4.5000	1.4083	29.994	0.033341	0.0014608	0.0062183	1.1143	10.375	25.618	168.22	0.052895	3.0561	0.018924	liquid
4.6163	1.4083	28.919	0.034580	0.0045568	0.0094912	1.8321	10.492	31.283	157.91	0.13976	2.9387	0.018818	liquid
4.6163	1.4083	6.1044	0.16382	0.057796	0.081171	17.360	12.622	49.409	100.90	1.8376	1.4317	0.010570	vapor
5.0000	1.4083	4.8107	0.20787	0.066680	0.096342	20.524	12.595	33.930	113.07	1.5305	1.4744	0.010844	vapor
5.5000	1.4083	3.9593	0.25257	0.075711	0.11175	23.466	12.512	28.595	124.56	1.2954	1.5541	0.011442	vapor
6.0000	1.4083	3.4239	0.29206	0.083725	0.12540	25.842	12.462	26.257	133.92	1.1335	1.6393	0.012089	vapor
6.5000	1.4083	3.0403	0.32892	0.091238	0.13817	27.888	12.438	24.937	142.07	1.0105	1.7252	0.012751	vapor
7.0000	1.4083	2.7461	0.36415	0.098454	0.15042	29.703	12.429	24.093	149.41	0.91221	1.8103	0.013415	vapor
7.5000	1.4083	2.5108	0.39828	0.10548	0.16231	31.344	12.430	23.511	156.17	0.83107	1.8942	0.014068	vapor
8.0000	1.4083	2.3169	0.43162	0.11236	0.17395	32.847	12.435	23.087	162.48	0.76248	1.9767	0.014703	vapor
8.5000	1.4083	2.1535	0.46435	0.11915	0.18541	34.237	12.442	22.765	168.43	0.70343	2.0576	0.015318	vapor
9.0000	1.4083	2.0136	0.49661	0.12587	0.19673	35.530	12.449	22.513	174.09	0.65187	2.1370	0.015913	vapor
9.5000	1.4083	1.8922	0.52850	0.13252	0.20793	36.742	12.456	22.311	179.49	0.60632	2.2150	0.016491	vapor
10.000	1.4083	1.7855	0.56007	0.13913	0.21905	37.882	12.463	22.145	184.68	0.56569	2.2915	0.017052	vapor
10.500	1.4083	1.6909	0.59139	0.14570	0.23008	38.959	12.469	22.008	189.68	0.52915	2.3667	0.017598	vapor
11.000	1.4083	1.6065	0.62249	0.15223	0.24106	39.980	12.474	21.891	194.52	0.49607	2.4406	0.018131	vapor
11.500	1.4083	1.5305	0.65340	0.15874	0.25198	40.951	12.478	21.792	199.20	0.46594	2.5132	0.018651	vapor
12.000	1.4083	1.4617	0.68415	0.16523	0.26285	41.877	12.482	21.706	203.75	0.43836	2.5846	0.019159	vapor
12.500	1.4083	1.3991	0.71477	0.17169	0.27369	42.761	12.486	21.631	208.18	0.41300	2.6548	0.019657	vapor
13.000	1.4083	1.3418	0.74526	0.17814	0.28448	43.608	12.488	21.566	212.50	0.38958	2.7240	0.020146	vapor
13.500	1.4083	1.2893	0.77564	0.18457	0.29525	44.421	12.491	21.508	216.72	0.36789	2.7921	0.020625	vapor
14.000	1.4083	1.2408	0.80593	0.19099	0.30599	45.202	12.493	21.456	220.84	0.34774	2.8591	0.021097	vapor
14.500	1.4083	1.1960	0.83613	0.19740	0.31671	45.954	12.494	21.410	224.87	0.32895	2.9253	0.021560	vapor
15.000	1.4083	1.1544	0.86626	0.20379	0.32740	46.680	12.496	21.368	228.82	0.31140	2.9904	0.022017	vapor
15.500	1.4083	1.1157	0.89632	0.21018	0.33808	47.380	12.497	21.331	232.69	0.29496	3.0547	0.022467	vapor
16.000	1.4083	1.0795	0.92632	0.21656	0.34874	48.056	12.497	21.297	236.49	0.27953	3.1182	0.022911	vapor
16.500	1.4083	1.0457	0.95626	0.22292	0.35938	48.711	12.498	21.266	240.23	0.26502	3.1808	0.023349	vapor
17.000	1.4083	1.0140	0.98615	0.22928	0.37000	49.346	12.499	21.238	243.90	0.25135	3.2426	0.023781	vapor
17.500	1.4083	0.98426	1.0160	0.23564	0.38061	49.961	12.499	21.212	247.51	0.23845	3.3037	0.024209	vapor
18.000	1.4083	0.95622	1.0458	0.24199	0.39121	50.558	12.499	21.188	251.06	0.22626	3.3640	0.024632	vapor
18.500	1.4083	0.92976	1.0755	0.24833	0.40180	51.138	12.499	21.166	254.55	0.21472	3.4237	0.025050	vapor
19.000	1.4083	0.90475	1.1053	0.25466	0.41238	51.702	12.499	21.146	258.00	0.20378	3.4826	0.025463	vapor
19.500	1.4083	0.88108	1.1350	0.26100	0.42295	52.251	12.499	21.128	261.39	0.19339	3.5409	0.025873	vapor
20.000	1.4083	0.85864	1.1646	0.26732	0.43351	52.786	12.499	21.110	264.74	0.18352	3.5986	0.026278	vapor
20.500	1.4083	0.83734	1.1943	0.27365	0.44406	53.307	12.499	21.094	268.05	0.17413	3.6556	0.026680	vapor
21.000	1.4083	0.81708	1.2239	0.27996	0.45460	53.815	12.499	21.080	271.31	0.16519	3.7121	0.027079	vapor
21.500	1.4083	0.79780	1.2534	0.28628	0.46514	54.311	12.499	21.066	274.52	0.15667	3.7680	0.027473	vapor
22.000	1.4083	0.77942	1.2830	0.29259	0.47567	54.795	12.499	21.053	277.70	0.14853	3.8233	0.027865	vapor
22.500	1.4083	0.76188	1.3125	0.29890	0.48619	55.268	12.498	21.041	280.84	0.14076	3.8781	0.028254	vapor
23.000	1.4083	0.74512	1.3421	0.30520	0.49671	55.731	12.498	21.029	283.95	0.13333	3.9324	0.028639	vapor
23.500	1.4083	0.72909	1.3716	0.31151	0.50722	56.183	12.498	21.019	287.01	0.12622	3.9861	0.029022	vapor
24.000	1.4083	0.71375	1.4011	0.31781	0.51773	56.625	12.498	21.009	290.05	0.11941	4.0394	0.029402	vapor
24.500	1.4083	0.69905	1.4305	0.32410	0.52823	57.058	12.497	20.999	293.05	0.11288	4.0922	0.029779	vapor
25.000	1.4083	0.68495	1.4600	0.33040	0.53873	57.482	12.497	20.990	296.02	0.10662	4.1446	0.030153	vapor
25.500	1.4083	0.67141	1.4894	0.33669	0.54922	57.898	12.497	20.982	298.95	0.10061	4.1965	0.030525	vapor
26.000	1.4083	0.65840	1.5188	0.34298	0.55971	58.305	12.496	20.974	301.86	0.094839	4.2480	0.030895	vapor
26.500	1.4083	0.64589	1.5482	0.34927	0.57019	58.705	12.496	20.967	304.74	0.089292	4.2990	0.031262	vapor
27.000	1.4083	0.63386	1.5776	0.35556	0.58068	59.097	12.496	20.960	307.59	0.083956	4.3497	0.031627	vapor
27.500	1.4083	0.62226	1.6070	0.36184	0.59115	59.481	12.495	20.953	310.41	0.078822	4.3999	0.031990	vapor
28.000	1.4083	0.61109	1.6364	0.36812	0.60163	59.859	12.495	20.947	313.21	0.073878	4.4497	0.032351	vapor
28.500	1.4083	0.60032	1.6658	0.37441	0.61210	60.229	12.495	20.941	315.98	0.069115	4.4992	0.032709	vapor
29.000	1.4083	0.58992	1.6951	0.38069	0.62257	60.594	12.494	20.935	318.73	0.064524	4.5483	0.033066	vapor
29.500	1.4083	0.57988	1.7245	0.38696	0.63304	60.951	12.494	20.930	321.45	0.060095	4.5971	0.033421	vapor
30.000	1.4083	0.57018	1.7538	0.39324	0.64350	61.303	12.494	20.925	324.15	0.055822	4.6455	0.033773	vapor
30.500	1.4083	0.56080	1.7832	0.39952	0.65396	61.649	12.493	20.920	326.82	0.051696	4.6935	0.034124	vapor
31.000	1.4083	0.55173	1.8125	0.40579	0.66442	61.989	12.493	20.916	329.47	0.047711	4.7412	0.034473	vapor
31.500	1.4083	0.54295	1.8418	0.41206	0.67488	62.324	12.493	20.911	332.10	0.043859	4.7886	0.034821	vapor
32.000	1.4083	0.53444	1.8711	0.41834	0.68533	62.653	12.492	20.907	334.71	0.040136	4.8357	0.035166	vapor
32.500	1.4083	0.52620	1.9004	0.42461	0.69578	62.977	12.492	20.903	337.30	0.036534	4.8825	0.035510	vapor
33.000	1.4083	0.51821	1.9297	0.43088	0.70624	63.296	12.492	20.899	339.87	0.033050	4.9290	0.035853	vapor
33.500	1.4083	0.51046	1.9590	0.43715	0.71668	63.610	12.492	20.895	342.42	0.029676	4.9752	0.036193	vapor
34.000	1.4083	0.50294	1.9883	0.44341	0.72713	63.920	12.491	20.892	344.95	0.026409	5.0210	0.036532	vapor
34.500	1.4083	0.49564	2.0176	0.44968	0.73758	64.225	12.491	20.889	347.46	0.023244	5.0667	0.036870	vapor
35.000	1.4083	0.48855	2.0469	0.45595	0.74802	64.526	12.491	20.885	349.95	0.020177	5.1120	0.037206	vapor
35.500	1.4083	0.48167	2.0761	0.46221	0.75846	64.822	12.490	20.882	352.42	0.017203	5.1571	0.037541	vapor
36.000	1.4083	0.47497	2.1054	0.46848	0.76890	65.114	12.490	20.879	354.88	0.014319	5.2019	0.037874	vapor
36.500	1.4083	0.46846	2.1347	0.47474	0.77934	65.402	12.490	20.877	357.32	0.011520	5.2464	0.038206	vapor
37.000	1.4083	0.46213	2.1639	0.48100	0.78978	65.686	12.490	20.874	359.74	0.0088044	5.2907	0.038537	vapor
37.500	1.4083	0.45596	2.1932	0.48726	0.80021	65.966	12.489	20.871	362.15	0.0061677	5.3347	0.038866	vapor
38.000	1.4083	0.44996	2.2224	0.49352	0.81065	66.242	12.489	20.869	364.54	0.0036071	5.3785	0.039193	vapor
38.500	1.4083	0.44412	2.2517	0.49979	0.82108	66.515	12.489	20.866	366.91	0.0011196	5.4221	0.039520	vapor
39.000	1.4083	0.43842	2.2809	0.50605	0.83152	66.784	12.489	20.864	369.27	-0.0012976	5.4654	0.039845	vapor
39.500	1.4083	0.43287	2.3101	0.51230	0.84195	67.050	12.488	20.862	371.61	-0.0036473	5.5086	0.040169	vapor
40.000	1.4083	0.42746	2.3394	0.51856	0.85238	67.313	12.488	20.860	373.94	-0.0059318	5.5514	0.040492	vapor
40.500	1.4083	0.42219	2.3686	0.52482	0.86281	67.572	12.488	20.858	376.25	-0.0081538	5.5941	0.040814	vapor
41.000	1.4083	0.41704	2.3978	0.53108	0.87324	67.828	12.488	20.856	378.55	-0.010315	5.6366	0.041134	vapor
41.500	1.4083	0.41202	2.4271	0.53734	0.88366	68.080	12.487	20.854	380.84	-0.012419	5.6788	0.041453	vapor
42.000	1.4083	0.40712	2.4563	0.54359	0.89409	68.330	12.487	20.852	383.11	-0.014467	5.7208	0.041771	vapor
42.500	1.4083	0.40233	2.4855	0.54985	0.90452	68.577	12.487	20.850	385.36	-0.016460	5.7627	0.042088	vapor
43.000	1.4083	0.39766	2.5147	0.55610	0.91494	68.821	12.487	20.849	387.61	-0.018402	5.8043	0.042404	vapor
43.500	1.4083	0.39309	2.5439	0.56236	0.92536	69.062	12.487	20.847	389.84	-0.020293	5.8458	0.042719	vapor
44.000	1.4083	0.38863	2.5732	0.56861	0.93579	69.300	12.486	20.845	392.06	-0.022135	5.8870	0.043033	vapor
44.500	1.4083	0.38427	2.6024	0.57487	0.94621	69.536	12.486	20.844	394.26	-0.023931	5.9281	0.043346	vapor
45.000	1.4083	0.38000	2.6316	0.58112	0.95663	69.768	12.486	20.842	396.45	-0.025682	5.9690	0.043657	vapor
45.500	1.4083	0.37583	2.6608	0.58738	0.96705	69.999	12.486	20.841	398.64	-0.027388	6.0097	0.043968	vapor
46.000	1.4083	0.37175	2.6900	0.59363	0.97747	70.227	12.486	20.840	400.80	-0.029053	6.0502	0.044278	vapor
46.500	1.4083	0.36776	2.7192	0.59988	0.98789	70.452	12.485	20.838	402.96	-0.030676	6.0906	0.044586	vapor
47.000	1.4083	0.36385	2.7484	0.60613	0.99831	70.675	12.485	20.837	405.11	-0.032260	6.1308	0.044894	vapor
47.500	1.4083	0.36002	2.7776	0.61239	1.0087	70.895	12.485	20.836	407.24	-0.033806	6.1708	0.045201	vapor
48.000	1.4083	0.35628	2.8068	0.61864	1.0191	71.113	12.485	20.835	409.36	-0.035315	6.2106	0.045506	vapor
48.500	1.4083	0.35261	2.8360	0.62489	1.0296	71.329	12.485	20.833	411.47	-0.036787	6.2503	0.045811	vapor
49.000	1.4083	0.34902	2.8652	0.63114	1.0400	71.543	12.485	20.832	413.58	-0.038225	6.2898	0.046115	vapor
49.500	1.4083	0.34550	2.8944	0.63739	1.0504	71.754	12.484	20.831	415.67	-0.039630	6.3292	0.046418	vapor
50.000	1.4083	0.34205	2.9236	0.64364	1.0608	71.964	12.484	20.830	417.74	-0.041002	6.3684	0.046720	vapor
50.500	1.4083	0.33867	2.9527	0.64989	1.0712	72.171	12.484	20.829	419.81	-0.042342	6.4075	0.047022	vapor
51.000	1.4083	0.33535	2.9819	0.65614	1.0816	72.376	12.484	20.828	421.87	-0.043651	6.4464	0.047322	vapor
51.500	1.4083	0.33210	3.0111	0.66239	1.0921	72.579	12.484	20.827	423.92	-0.044931	6.4852	0.047622	vapor
52.000	1.4083	0.32892	3.0403	0.66864	1.1025	72.781	12.484	20.826	425.96	-0.046182	6.5238	0.047920	vapor
52.500	1.4083	0.32579	3.0695	0.67489	1.1129	72.980	12.484	20.825	427.99	-0.047404	6.5623	0.048218	vapor
53.000	1.4083	0.32272	3.0987	0.68113	1.1233	73.177	12.483	20.824	430.01	-0.048600	6.6006	0.048515	vapor
53.500	1.4083	0.31971	3.1278	0.68738	1.1337	73.373	12.483	20.824	432.02	-0.049769	6.6388	0.048811	vapor
54.000	1.4083	0.31675	3.1570	0.69363	1.1441	73.567	12.483	20.823	434.02	-0.050913	6.6769	0.049107	vapor
54.500	1.4083	0.31385	3.1862	0.69988	1.1545	73.759	12.483	20.822	436.01	-0.052032	6.7148	0.049401	vapor
55.000	1.4083	0.31101	3.2154	0.70613	1.1649	73.949	12.483	20.821	437.99	-0.053126	6.7526	0.049695	vapor
55.500	1.4083	0.30821	3.2445	0.71237	1.1753	74.137	12.483	20.820	439.96	-0.054198	6.7903	0.049988	vapor
56.000	1.4083	0.30546	3.2737	0.71862	1.1858	74.324	12.483	20.820	441.93	-0.055246	6.8278	0.050281	vapor
56.500	1.4083	0.30276	3.3029	0.72487	1.1962	74.509	12.482	20.819	443.88	-0.056272	6.8653	0.050572	vapor
57.000	1.4083	0.30011	3.3321	0.73111	1.2066	74.692	12.482	20.818	445.83	-0.057276	6.9026	0.050863	vapor
57.500	1.4083	0.29751	3.3612	0.73736	1.2170	74.874	12.482	20.818	447.77	-0.058260	6.9397	0.051153	vapor
58.000	1.4083	0.29495	3.3904	0.74361	1.2274	75.054	12.482	20.817	449.70	-0.059223	6.9768	0.051442	vapor
58.500	1.4083	0.29243	3.4196	0.74985	1.2378	75.233	12.482	20.816	451.62	-0.060166	7.0137	0.051731	vapor
59.000	1.4083	0.28996	3.4487	0.75610	1.2482	75.410	12.482	20.816	453.53	-0.061090	7.0505	0.052019	vapor
59.500	1.4083	0.28753	3.4779	0.76234	1.2586	75.586	12.482	20.815	455.44	-0.061995	7.0872	0.052306	vapor
60.000	1.4083	0.28514	3.5071	0.76859	1.2690	75.760	12.482	20.814	457.34	-0.062882	7.1238	0.052593	vapor
60.500	1.4083	0.28279	3.5362	0.77484	1.2794	75.933	12.482	20.814	459.23	-0.063750	7.1603	0.052878	vapor
61.000	1.4083	0.28047	3.5654	0.78108	1.2898	76.104	12.481	20.813	461.11	-0.064602	7.1967	0.053164	vapor
61.500	1.4083	0.27820	3.5946	0.78733	1.3002	76.274	12.481	20.813	462.98	-0.065436	7.2329	0.053448	vapor
62.000	1.4083	0.27596	3.6237	0.79357	1.3107	76.442	12.481	20.812	464.85	-0.066254	7.2691	0.053732	vapor
62.500	1.4083	0.27376	3.6529	0.79981	1.3211	76.610	12.481	20.812	466.71	-0.067056	7.3051	0.054015	vapor
63.000	1.4083	0.27159	3.6821	0.80606	1.3315	76.775	12.481	20.811	468.56	-0.067842	7.3411	0.054297	vapor
63.500	1.4083	0.26945	3.7112	0.81230	1.3419	76.940	12.481	20.811	470.40	-0.068613	7.3769	0.054579	vapor
64.000	1.4083	0.26735	3.7404	0.81855	1.3523	77.103	12.481	20.810	472.24	-0.069369	7.4126	0.054861	vapor
64.500	1.4083	0.26528	3.7695	0.82479	1.3627	77.265	12.481	20.810	474.07	-0.070111	7.4483	0.055141	vapor
65.000	1.4083	0.26325	3.7987	0.83104	1.3731	77.426	12.481	20.809	475.89	-0.070838	7.4838	0.055421	vapor
65.500	1.4083	0.26124	3.8279	0.83728	1.3835	77.585	12.481	20.809	477.71	-0.071551	7.5192	0.055700	vapor
66.000	1.4083	0.25927	3.8570	0.84352	1.3939	77.744	12.480	20.808	479.52	-0.072251	7.5546	0.055979	vapor
66.500	1.4083	0.25732	3.8862	0.84977	1.4043	77.901	12.480	20.808	481.32	-0.072938	7.5898	0.056257	vapor
67.000	1.4083	0.25541	3.9153	0.85601	1.4147	78.056	12.480	20.808	483.11	-0.073612	7.6250	0.056535	vapor
67.500	1.4083	0.25352	3.9445	0.86225	1.4251	78.211	12.480	20.807	484.90	-0.074273	7.6600	0.056812	vapor
68.000	1.4083	0.25166	3.9736	0.86850	1.4355	78.365	12.480	20.807	486.68	-0.074922	7.6950	0.057088	vapor
68.500	1.4083	0.24983	4.0028	0.87474	1.4459	78.517	12.480	20.806	488.46	-0.075559	7.7299	0.057364	vapor
69.000	1.4083	0.24802	4.0319	0.88098	1.4563	78.668	12.480	20.806	490.23	-0.076184	7.7647	0.057639	vapor
69.500	1.4083	0.24624	4.0611	0.88723	1.4667	78.819	12.480	20.806	491.99	-0.076798	7.7994	0.057913	vapor
70.000	1.4083	0.24448	4.0903	0.89347	1.4771	78.968	12.480	20.805	493.75	-0.077401	7.8340	0.058187	vapor
70.500	1.4083	0.24275	4.1194	0.89971	1.4875	79.116	12.480	20.805	495.50	-0.077993	7.8685	0.058461	vapor
71.000	1.4083	0.24105	4.1486	0.90595	1.4979	79.263	12.480	20.805	497.24	-0.078574	7.9029	0.058734	vapor
71.500	1.4083	0.23937	4.1777	0.91220	1.5083	79.409	12.480	20.804	498.98	-0.079145	7.9373	0.059006	vapor
72.000	1.4083	0.23771	4.2069	0.91844	1.5187	79.554	12.479	20.804	500.71	-0.079706	7.9716	0.059278	vapor
72.500	1.4083	0.23607	4.2360	0.92468	1.5291	79.698	12.479	20.804	502.44	-0.080256	8.0058	0.059549	vapor
73.000	1.4083	0.23446	4.2652	0.93092	1.5395	79.841	12.479	20.803	504.16	-0.080797	8.0399	0.059820	vapor
73.500	1.4083	0.23287	4.2943	0.93716	1.5499	79.983	12.479	20.803	505.87	-0.081329	8.0739	0.060090	vapor
74.000	1.4083	0.23130	4.3235	0.94341	1.5603	80.124	12.479	20.803	507.58	-0.081851	8.1079	0.060360	vapor
74.500	1.4083	0.22975	4.3526	0.94965	1.5707	80.264	12.479	20.802	509.28	-0.082364	8.1417	0.060629	vapor
75.000	1.4083	0.22822	4.3818	0.95589	1.5811	80.403	12.479	20.802	510.98	-0.082868	8.1755	0.060897	vapor
75.500	1.4083	0.22671	4.4109	0.96213	1.5915	80.541	12.479	20.802	512.67	-0.083364	8.2093	0.061165	vapor
76.000	1.4083	0.22522	4.4401	0.96837	1.6019	80.679	12.479	20.801	514.35	-0.083850	8.2429	0.061433	vapor
76.500	1.4083	0.22375	4.4692	0.97462	1.6123	80.815	12.479	20.801	516.03	-0.084329	8.2765	0.061700	vapor
77.000	1.4083	0.22230	4.4984	0.98086	1.6227	80.951	12.479	20.801	517.71	-0.084799	8.3100	0.061967	vapor
77.500	1.4083	0.22087	4.5275	0.98710	1.6331	81.085	12.479	20.801	519.38	-0.085262	8.3434	0.062233	vapor
78.000	1.4083	0.21946	4.5566	0.99334	1.6435	81.219	12.479	20.800	521.04	-0.085716	8.3768	0.062498	vapor
78.500	1.4083	0.21806	4.5858	0.99958	1.6539	81.352	12.479	20.800	522.70	-0.086163	8.4100	0.062763	vapor
79.000	1.4083	0.21669	4.6149	1.0058	1.6643	81.484	12.479	20.800	524.35	-0.086603	8.4432	0.063028	vapor
79.500	1.4083	0.21533	4.6441	1.0121	1.6747	81.615	12.478	20.800	526.00	-0.087035	8.4764	0.063292	vapor
80.000	1.4083	0.21398	4.6732	1.0183	1.6851	81.746	12.478	20.799	527.64	-0.087459	8.5095	0.063556	vapor
80.500	1.4083	0.21266	4.7024	1.0245	1.6955	81.875	12.478	20.799	529.28	-0.087877	8.5425	0.063819	vapor
81.000	1.4083	0.21135	4.7315	1.0308	1.7059	82.004	12.478	20.799	530.91	-0.088288	8.5754	0.064082	vapor
81.500	1.4083	0.21005	4.7607	1.0370	1.7163	82.132	12.478	20.799	532.54	-0.088692	8.6083	0.064344	vapor
82.000	1.4083	0.20878	4.7898	1.0433	1.7267	82.259	12.478	20.799	534.16	-0.089090	8.6411	0.064606	vapor
82.500	1.4083	0.20751	4.8190	1.0495	1.7371	82.386	12.478	20.798	535.78	-0.089481	8.6738	0.064867	vapor
83.000	1.4083	0.20627	4.8481	1.0557	1.7475	82.511	12.478	20.798	537.39	-0.089865	8.7065	0.065128	vapor
83.500	1.4083	0.20503	4.8772	1.0620	1.7579	82.636	12.478	20.798	539.00	-0.090244	8.7391	0.065388	vapor
84.000	1.4083	0.20382	4.9064	1.0682	1.7683	82.760	12.478	20.798	540.60	-0.090616	8.7716	0.065648	vapor
84.500	1.4083	0.20261	4.9355	1.0745	1.7787	82.884	12.478	20.798	542.20	-0.090982	8.8041	0.065908	vapor
85.000	1.4083	0.20142	4.9647	1.0807	1.7891	83.006	12.478	20.797	543.80	-0.091342	8.8365	0.066167	vapor
85.500	1.4083	0.20025	4.9938	1.0869	1.7995	83.128	12.478	20.797	545.38	-0.091697	8.8689	0.066425	vapor
86.000	1.4083	0.19909	5.0230	1.0932	1.8099	83.250	12.478	20.797	546.97	-0.092046	8.9012	0.066684	vapor
86.500	1.4083	0.19794	5.0521	1.0994	1.8203	83.370	12.478	20.797	548.55	-0.092389	8.9334	0.066941	vapor
87.000	1.4083	0.19680	5.0812	1.1057	1.8307	83.490	12.478	20.797	550.12	-0.092727	8.9656	0.067199	vapor
87.500	1.4083	0.19568	5.1104	1.1119	1.8411	83.609	12.478	20.797	551.69	-0.093060	8.9977	0.067456	vapor
88.000	1.4083	0.19457	5.1395	1.1181	1.8515	83.728	12.478	20.796	553.26	-0.093387	9.0298	0.067712	vapor
88.500	1.4083	0.19347	5.1687	1.1244	1.8619	83.846	12.477	20.796	554.82	-0.093709	9.0618	0.067968	vapor
89.000	1.4083	0.19239	5.1978	1.1306	1.8723	83.963	12.477	20.796	556.38	-0.094027	9.0938	0.068224	vapor
89.500	1.4083	0.19132	5.2269	1.1369	1.8827	84.079	12.477	20.796	557.93	-0.094339	9.1257	0.068479	vapor
90.000	1.4083	0.19026	5.2561	1.1431	1.8931	84.195	12.477	20.796	559.48	-0.094646	9.1575	0.068734	vapor
90.500	1.4083	0.18921	5.2852	1.1493	1.9035	84.310	12.477	20.796	561.03	-0.094949	9.1893	0.068988	vapor
91.000	1.4083	0.18817	5.3144	1.1556	1.9139	84.425	12.477	20.795	562.57	-0.095247	9.2210	0.069242	vapor
91.500	1.4083	0.18714	5.3435	1.1618	1.9243	84.539	12.477	20.795	564.10	-0.095540	9.2527	0.069496	vapor
92.000	1.4083	0.18613	5.3726	1.1681	1.9347	84.652	12.477	20.795	565.64	-0.095829	9.2843	0.069749	vapor
92.500	1.4083	0.18512	5.4018	1.1743	1.9451	84.765	12.477	20.795	567.16	-0.096113	9.3159	0.070002	vapor
93.000	1.4083	0.18413	5.4309	1.1805	1.9555	84.877	12.477	20.795	568.69	-0.096393	9.3474	0.070255	vapor
93.500	1.4083	0.18315	5.4601	1.1868	1.9659	84.989	12.477	20.795	570.21	-0.096669	9.3788	0.070507	vapor
94.000	1.4083	0.18218	5.4892	1.1930	1.9763	85.099	12.477	20.795	571.72	-0.096940	9.4102	0.070758	vapor
94.500	1.4083	0.18121	5.5183	1.1993	1.9867	85.210	12.477	20.794	573.23	-0.097208	9.4416	0.071010	vapor
95.000	1.4083	0.18026	5.5475	1.2055	1.9971	85.320	12.477	20.794	574.74	-0.097471	9.4729	0.071260	vapor
95.500	1.4083	0.17932	5.5766	1.2117	2.0075	85.429	12.477	20.794	576.24	-0.097731	9.5042	0.071511	vapor
96.000	1.4083	0.17839	5.6058	1.2180	2.0179	85.537	12.477	20.794	577.74	-0.097986	9.5354	0.071761	vapor
96.500	1.4083	0.17747	5.6349	1.2242	2.0283	85.645	12.477	20.794	579.24	-0.098238	9.5665	0.072011	vapor
97.000	1.4083	0.17655	5.6640	1.2305	2.0387	85.753	12.477	20.794	580.73	-0.098486	9.5976	0.072260	vapor
97.500	1.4083	0.17565	5.6932	1.2367	2.0491	85.860	12.477	20.794	582.22	-0.098730	9.6287	0.072509	vapor
98.000	1.4083	0.17475	5.7223	1.2429	2.0595	85.966	12.477	20.794	583.70	-0.098971	9.6597	0.072758	vapor
98.500	1.4083	0.17387	5.7514	1.2492	2.0699	86.072	12.477	20.793	585.18	-0.099208	9.6907	0.073006	vapor
99.000	1.4083	0.17299	5.7806	1.2554	2.0803	86.177	12.477	20.793	586.66	-0.099441	9.7216	0.073254	vapor
99.500	1.4083	0.17213	5.8097	1.2617	2.0907	86.282	12.477	20.793	588.13	-0.099671	9.7525	0.073502	vapor
100.00	1.4083	0.17127	5.8389	1.2679	2.1011	86.386	12.477	20.793	589.60	-0.099898	9.7833	0.073749	vapor
100.50	1.4083	0.17042	5.8680	1.2741	2.1115	86.490	12.477	20.793	591.07	-0.10012	9.8043	0.073996	vapor
101.00	1.4083	0.16957	5.8971	1.2804	2.1219	86.593	12.476	20.793	592.53	-0.10034	9.8252	0.074242	vapor
101.50	1.4083	0.16874	5.9263	1.2866	2.1322	86.696	12.476	20.793	593.99	-0.10056	9.8462	0.074488	vapor
102.00	1.4083	0.16791	5.9554	1.2928	2.1426	86.798	12.476	20.793	595.45	-0.10077	9.8671	0.074734	vapor
102.50	1.4083	0.16710	5.9845	1.2991	2.1530	86.900	12.476	20.793	596.90	-0.10098	9.8881	0.074980	vapor
103.00	1.4083	0.16629	6.0137	1.3053	2.1634	87.001	12.476	20.792	598.34	-0.10119	9.9090	0.075225	vapor
103.50	1.4083	0.16549	6.0428	1.3116	2.1738	87.101	12.476	20.792	599.79	-0.10139	9.9299	0.075470	vapor
104.00	1.4083	0.16469	6.0720	1.3178	2.1842	87.202	12.476	20.792	601.23	-0.10160	9.9509	0.075714	vapor
104.50	1.4083	0.16391	6.1011	1.3240	2.1946	87.301	12.476	20.792	602.67	-0.10179	9.9718	0.075958	vapor
105.00	1.4083	0.16313	6.1302	1.3303	2.2050	87.401	12.476	20.792	604.10	-0.10199	9.9927	0.076202	vapor
105.50	1.4083	0.16235	6.1594	1.3365	2.2154	87.499	12.476	20.792	605.53	-0.10218	10.014	0.076445	vapor
106.00	1.4083	0.16159	6.1885	1.3428	2.2258	87.598	12.476	20.792	606.96	-0.10237	10.035	0.076688	vapor
106.50	1.4083	0.16083	6.2176	1.3490	2.2362	87.695	12.476	20.792	608.38	-0.10256	10.055	0.076931	vapor
107.00	1.4083	0.16008	6.2468	1.3552	2.2466	87.793	12.476	20.792	609.80	-0.10274	10.076	0.077174	vapor
107.50	1.4083	0.15934	6.2759	1.3615	2.2570	87.890	12.476	20.792	611.22	-0.10293	10.097	0.077416	vapor
108.00	1.4083	0.15860	6.3050	1.3677	2.2674	87.986	12.476	20.792	612.63	-0.10311	10.118	0.077658	vapor
108.50	1.4083	0.15787	6.3342	1.3739	2.2778	88.082	12.476	20.791	614.05	-0.10328	10.139	0.077899	vapor
109.00	1.4083	0.15715	6.3633	1.3802	2.2882	88.178	12.476	20.791	615.45	-0.10346	10.160	0.078140	vapor
109.50	1.4083	0.15643	6.3924	1.3864	2.2986	88.273	12.476	20.791	616.86	-0.10363	10.180	0.078381	vapor
110.00	1.4083	0.15572	6.4216	1.3927	2.3090	88.368	12.476	20.791	618.26	-0.10380	10.201	0.078621	vapor
110.50	1.4083	0.15502	6.4507	1.3989	2.3194	88.462	12.476	20.791	619.66	-0.10397	10.232	0.078862	vapor
111.00	1.4083	0.15432	6.4799	1.4051	2.3298	88.556	12.476	20.791	621.05	-0.10413	10.262	0.079102	vapor
111.50	1.4083	0.15363	6.5090	1.4114	2.3402	88.649	12.476	20.791	622.44	-0.10429	10.292	0.079341	vapor
112.00	1.4083	0.15295	6.5381	1.4176	2.3506	88.742	12.476	20.791	623.83	-0.10445	10.322	0.079580	vapor
112.50	1.4083	0.15227	6.5673	1.4239	2.3610	88.835	12.476	20.791	625.22	-0.10461	10.352	0.079819	vapor
113.00	1.4083	0.15160	6.5964	1.4301	2.3714	88.927	12.476	20.791	626.60	-0.10477	10.382	0.080058	vapor
113.50	1.4083	0.15093	6.6255	1.4363	2.3817	89.019	12.476	20.791	627.98	-0.10492	10.412	0.080296	vapor
114.00	1.4083	0.15027	6.6547	1.4426	2.3921	89.110	12.476	20.791	629.35	-0.10507	10.442	0.080534	vapor
114.50	1.4083	0.14962	6.6838	1.4488	2.4025	89.201	12.476	20.791	630.73	-0.10522	10.472	0.080772	vapor
115.00	1.4083	0.14897	6.7129	1.4550	2.4129	89.292	12.476	20.791	632.10	-0.10537	10.502	0.081010	vapor
115.50	1.4083	0.14832	6.7421	1.4613	2.4233	89.382	12.476	20.790	633.47	-0.10551	10.532	0.081247	vapor
116.00	1.4083	0.14768	6.7712	1.4675	2.4337	89.472	12.476	20.790	634.83	-0.10565	10.562	0.081484	vapor
116.50	1.4083	0.14705	6.8003	1.4738	2.4441	89.561	12.476	20.790	636.19	-0.10579	10.591	0.081720	vapor
117.00	1.4083	0.14642	6.8295	1.4800	2.4545	89.650	12.476	20.790	637.55	-0.10593	10.621	0.081956	vapor
117.50	1.4083	0.14580	6.8586	1.4862	2.4649	89.739	12.476	20.790	638.91	-0.10607	10.651	0.082192	vapor
118.00	1.4083	0.14519	6.8877	1.4925	2.4753	89.827	12.475	20.790	640.26	-0.10621	10.680	0.082428	vapor
118.50	1.4083	0.14457	6.9169	1.4987	2.4857	89.915	12.475	20.790	641.61	-0.10634	10.710	0.082663	vapor
119.00	1.4083	0.14397	6.9460	1.5049	2.4961	90.003	12.475	20.790	642.96	-0.10647	10.739	0.082899	vapor
119.50	1.4083	0.14337	6.9751	1.5112	2.5065	90.090	12.475	20.790	644.30	-0.10660	10.769	0.083133	vapor
120.00	1.4083	0.14277	7.0043	1.5174	2.5169	90.177	12.475	20.790	645.64	-0.10673	10.798	0.083368	vapor
120.50	1.4083	0.14218	7.0334	1.5237	2.5273	90.263	12.475	20.790	646.98	-0.10685	10.828	0.083602	vapor
121.00	1.4083	0.14159	7.0625	1.5299	2.5377	90.349	12.475	20.790	648.32	-0.10698	10.857	0.083836	vapor
121.50	1.4083	0.14101	7.0917	1.5361	2.5481	90.435	12.475	20.790	649.65	-0.10710	10.887	0.084070	vapor
122.00	1.4083	0.14043	7.1208	1.5424	2.5585	90.520	12.475	20.790	650.98	-0.10722	10.916	0.084303	vapor
122.50	1.4083	0.13986	7.1499	1.5486	2.5689	90.605	12.475	20.790	652.31	-0.10734	10.945	0.084536	vapor
123.00	1.4083	0.13929	7.1791	1.5548	2.5793	90.690	12.475	20.790	653.63	-0.10746	10.975	0.084769	vapor
123.50	1.4083	0.13873	7.2082	1.5611	2.5897	90.774	12.475	20.790	654.96	-0.10757	11.004	0.085002	vapor
124.00	1.4083	0.13817	7.2373	1.5673	2.6000	90.858	12.475	20.789	656.28	-0.10769	11.033	0.085234	vapor
124.50	1.4083	0.13762	7.2665	1.5736	2.6104	90.942	12.475	20.789	657.59	-0.10780	11.062	0.085466	vapor
125.00	1.4083	0.13707	7.2956	1.5798	2.6208	91.025	12.475	20.789	658.91	-0.10791	11.091	0.085698	vapor
125.50	1.4083	0.13652	7.3247	1.5860	2.6312	91.108	12.475	20.789	660.22	-0.10802	11.120	0.085930	vapor
126.00	1.4083	0.13598	7.3539	1.5923	2.6416	91.191	12.475	20.789	661.53	-0.10813	11.149	0.086161	vapor
126.50	1.4083	0.13545	7.3830	1.5985	2.6520	91.273	12.475	20.789	662.83	-0.10824	11.178	0.086392	vapor
127.00	1.4083	0.13491	7.4121	1.6047	2.6624	91.355	12.475	20.789	664.14	-0.10834	11.207	0.086623	vapor
127.50	1.4083	0.13439	7.4413	1.6110	2.6728	91.437	12.475	20.789	665.44	-0.10844	11.236	0.086853	vapor
128.00	1.4083	0.13386	7.4704	1.6172	2.6832	91.519	12.475	20.789	666.74	-0.10855	11.265	0.087083	vapor
128.50	1.4083	0.13334	7.4995	1.6235	2.6936	91.600	12.475	20.789	668.04	-0.10865	11.294	0.087313	vapor
129.00	1.4083	0.13283	7.5287	1.6297	2.7040	91.680	12.475	20.789	669.33	-0.10875	11.323	0.087543	vapor
129.50	1.4083	0.13231	7.5578	1.6359	2.7144	91.761	12.475	20.789	670.62	-0.10884	11.352	0.087772	vapor
130.00	1.4083	0.13181	7.5869	1.6422	2.7248	91.841	12.475	20.789	671.91	-0.10894	11.380	0.088001	vapor
130.50	1.4083	0.13130	7.6161	1.6484	2.7352	91.921	12.475	20.789	673.20	-0.10904	11.409	0.088230	vapor
131.00	1.4083	0.13080	7.6452	1.6546	2.7456	92.000	12.475	20.789	674.48	-0.10913	11.438	0.088459	vapor
131.50	1.4083	0.13030	7.6743	1.6609	2.7560	92.079	12.475	20.789	675.76	-0.10922	11.466	0.088687	vapor
132.00	1.4083	0.12981	7.7035	1.6671	2.7664	92.158	12.475	20.789	677.04	-0.10932	11.495	0.088916	vapor
132.50	1.4083	0.12932	7.7326	1.6734	2.7768	92.237	12.475	20.789	678.32	-0.10941	11.524	0.089144	vapor
133.00	1.4083	0.12884	7.7617	1.6796	2.7871	92.315	12.475	20.789	679.59	-0.10949	11.552	0.089371	vapor
133.50	1.4083	0.12836	7.7909	1.6858	2.7975	92.393	12.475	20.789	680.86	-0.10958	11.581	0.089599	vapor
134.00	1.4083	0.12788	7.8200	1.6921	2.8079	92.471	12.475	20.789	682.13	-0.10967	11.609	0.089826	vapor
134.50	1.4083	0.12740	7.8491	1.6983	2.8183	92.548	12.475	20.789	683.40	-0.10975	11.638	0.090053	vapor
135.00	1.4083	0.12693	7.8783	1.7045	2.8287	92.625	12.475	20.788	684.67	-0.10984	11.666	0.090279	vapor
135.50	1.4083	0.12646	7.9074	1.7108	2.8391	92.702	12.475	20.788	685.93	-0.10992	11.695	0.090506	vapor
136.00	1.4083	0.12600	7.9365	1.7170	2.8495	92.779	12.475	20.788	687.19	-0.11000	11.723	0.090732	vapor
136.50	1.4083	0.12554	7.9657	1.7233	2.8599	92.855	12.475	20.788	688.45	-0.11008	11.751	0.090958	vapor
137.00	1.4083	0.12508	7.9948	1.7295	2.8703	92.931	12.475	20.788	689.70	-0.11016	11.780	0.091184	vapor
137.50	1.4083	0.12463	8.0239	1.7357	2.8807	93.007	12.475	20.788	690.96	-0.11024	11.808	0.091409	vapor
138.00	1.4083	0.12418	8.0531	1.7420	2.8911	93.082	12.475	20.788	692.21	-0.11032	11.836	0.091634	vapor
138.50	1.4083	0.12373	8.0822	1.7482	2.9015	93.157	12.475	20.788	693.46	-0.11040	11.864	0.091859	vapor
139.00	1.4083	0.12328	8.1113	1.7544	2.9119	93.232	12.475	20.788	694.70	-0.11047	11.893	0.092084	vapor
139.50	1.4083	0.12284	8.1405	1.7607	2.9223	93.307	12.475	20.788	695.95	-0.11055	11.921	0.092309	vapor
140.00	1.4083	0.12241	8.1696	1.7669	2.9327	93.381	12.475	20.788	697.19	-0.11062	11.949	0.092533	vapor
140.50	1.4083	0.12197	8.1987	1.7732	2.9431	93.456	12.475	20.788	698.43	-0.11069	11.977	0.092757	vapor
141.00	1.4083	0.12154	8.2279	1.7794	2.9535	93.529	12.475	20.788	699.67	-0.11076	12.005	0.092981	vapor
141.50	1.4083	0.12111	8.2570	1.7856	2.9638	93.603	12.475	20.788	700.90	-0.11083	12.033	0.093205	vapor
142.00	1.4083	0.12068	8.2861	1.7919	2.9742	93.676	12.475	20.788	702.14	-0.11090	12.061	0.093428	vapor
142.50	1.4083	0.12026	8.3152	1.7981	2.9846	93.749	12.475	20.788	703.37	-0.11097	12.089	0.093651	vapor
143.00	1.4083	0.11984	8.3444	1.8043	2.9950	93.822	12.475	20.788	704.60	-0.11104	12.117	0.093874	vapor
143.50	1.4083	0.11942	8.3735	1.8106	3.0054	93.895	12.474	20.788	705.82	-0.11110	12.145	0.094097	vapor
144.00	1.4083	0.11901	8.4026	1.8168	3.0158	93.967	12.474	20.788	707.05	-0.11117	12.173	0.094319	vapor
144.50	1.4083	0.11860	8.4318	1.8231	3.0262	94.039	12.474	20.788	708.27	-0.11123	12.201	0.094542	vapor
145.00	1.4083	0.11819	8.4609	1.8293	3.0366	94.111	12.474	20.788	709.49	-0.11130	12.229	0.094764	vapor
145.50	1.4083	0.11779	8.4900	1.8355	3.0470	94.182	12.474	20.788	710.71	-0.11136	12.256	0.094986	vapor
146.00	1.4083	0.11738	8.5192	1.8418	3.0574	94.254	12.474	20.788	711.93	-0.11142	12.284	0.095207	vapor
146.50	1.4083	0.11698	8.5483	1.8480	3.0678	94.325	12.474	20.788	713.14	-0.11148	12.312	0.095429	vapor
147.00	1.4083	0.11658	8.5774	1.8542	3.0782	94.396	12.474	20.788	714.35	-0.11154	12.340	0.095650	vapor
147.50	1.4083	0.11619	8.6066	1.8605	3.0886	94.466	12.474	20.788	715.56	-0.11160	12.367	0.095871	vapor
148.00	1.4083	0.11580	8.6357	1.8667	3.0990	94.537	12.474	20.788	716.77	-0.11166	12.395	0.096091	vapor
148.50	1.4083	0.11541	8.6648	1.8729	3.1094	94.607	12.474	20.788	717.98	-0.11172	12.423	0.096312	vapor
149.00	1.4083	0.11502	8.6940	1.8792	3.1198	94.677	12.474	20.788	719.18	-0.11177	12.450	0.096532	vapor
149.50	1.4083	0.11464	8.7231	1.8854	3.1301	94.746	12.474	20.788	720.38	-0.11183	12.478	0.096752	vapor
150.00	1.4083	0.11426	8.7522	1.8917	3.1405	94.816	12.474	20.788	721.58	-0.11189	12.505	0.096972	vapor
150.50	1.4083	0.11388	8.7814	1.8979	3.1509	94.885	12.474	20.788	722.78	-0.11194	12.533	0.097192	vapor
151.00	1.4083	0.11350	8.8105	1.9041	3.1613	94.954	12.474	20.787	723.98	-0.11199	12.561	0.097411	vapor
151.50	1.4083	0.11313	8.8396	1.9104	3.1717	95.022	12.474	20.787	725.17	-0.11205	12.588	0.097631	vapor
152.00	1.4083	0.11276	8.8687	1.9166	3.1821	95.091	12.474	20.787	726.36	-0.11210	12.615	0.097850	vapor
152.50	1.4083	0.11239	8.8979	1.9228	3.1925	95.159	12.474	20.787	727.55	-0.11215	12.643	0.098068	vapor
153.00	1.4083	0.11202	8.9270	1.9291	3.2029	95.227	12.474	20.787	728.74	-0.11220	12.670	0.098287	vapor
153.50	1.4083	0.11166	8.9561	1.9353	3.2133	95.295	12.474	20.787	729.93	-0.11225	12.698	0.098505	vapor
154.00	1.4083	0.11129	8.9853	1.9416	3.2237	95.363	12.474	20.787	731.11	-0.11230	12.725	0.098724	vapor
154.50	1.4083	0.11093	9.0144	1.9478	3.2341	95.430	12.474	20.787	732.30	-0.11235	12.752	0.098942	vapor
155.00	1.4083	0.11058	9.0435	1.9540	3.2445	95.497	12.474	20.787	733.48	-0.11240	12.780	0.099159	vapor
155.50	1.4083	0.11022	9.0727	1.9603	3.2549	95.564	12.474	20.787	734.65	-0.11244	12.807	0.099377	vapor
156.00	1.4083	0.10987	9.1018	1.9665	3.2653	95.631	12.474	20.787	735.83	-0.11249	12.834	0.099594	vapor
156.50	1.4083	0.10952	9.1309	1.9727	3.2757	95.697	12.474	20.787	737.01	-0.11254	12.861	0.099812	vapor
157.00	1.4083	0.10917	9.1601	1.9790	3.2861	95.764	12.474	20.787	738.18	-0.11258	12.889	0.10003	vapor
157.50	1.4083	0.10882	9.1892	1.9852	3.2964	95.830	12.474	20.787	739.35	-0.11262	12.916	0.10025	vapor
158.00	1.4083	0.10848	9.2183	1.9914	3.3068	95.896	12.474	20.787	740.52	-0.11267	12.943	0.10046	vapor
158.50	1.4083	0.10814	9.2475	1.9977	3.3172	95.961	12.474	20.787	741.69	-0.11271	12.970	0.10068	vapor
159.00	1.4083	0.10780	9.2766	2.0039	3.3276	96.027	12.474	20.787	742.85	-0.11275	12.997	0.10089	vapor
159.50	1.4083	0.10746	9.3057	2.0102	3.3380	96.092	12.474	20.787	744.02	-0.11280	13.024	0.10111	vapor
160.00	1.4083	0.10713	9.3349	2.0164	3.3484	96.157	12.474	20.787	745.18	-0.11284	13.051	0.10133	vapor
160.50	1.4083	0.10679	9.3640	2.0226	3.3588	96.222	12.474	20.787	746.34	-0.11288	13.078	0.10154	vapor
161.00	1.4083	0.10646	9.3931	2.0289	3.3692	96.287	12.474	20.787	747.50	-0.11292	13.105	0.10176	vapor
161.50	1.4083	0.10613	9.4222	2.0351	3.3796	96.351	12.474	20.787	748.65	-0.11296	13.132	0.10197	vapor
162.00	1.4083	0.10580	9.4514	2.0413	3.3900	96.415	12.474	20.787	749.81	-0.11300	13.159	0.10219	vapor
162.50	1.4083	0.10548	9.4805	2.0476	3.4004	96.480	12.474	20.787	750.96	-0.11303	13.186	0.10240	vapor
163.00	1.4083	0.10516	9.5096	2.0538	3.4108	96.543	12.474	20.787	752.11	-0.11307	13.213	0.10262	vapor
163.50	1.4083	0.10484	9.5388	2.0601	3.4212	96.607	12.474	20.787	753.26	-0.11311	13.240	0.10283	vapor
164.00	1.4083	0.10452	9.5679	2.0663	3.4316	96.671	12.474	20.787	754.41	-0.11314	13.267	0.10305	vapor
164.50	1.4083	0.10420	9.5970	2.0725	3.4420	96.734	12.474	20.787	755.56	-0.11318	13.294	0.10326	vapor
165.00	1.4083	0.10388	9.6262	2.0788	3.4524	96.797	12.474	20.787	756.70	-0.11322	13.321	0.10347	vapor
165.50	1.4083	0.10357	9.6553	2.0850	3.4627	96.860	12.474	20.787	757.84	-0.11325	13.347	0.10369	vapor
166.00	1.4083	0.10326	9.6844	2.0912	3.4731	96.922	12.474	20.787	758.98	-0.11328	13.374	0.10390	vapor
166.50	1.4083	0.10295	9.7136	2.0975	3.4835	96.985	12.474	20.787	760.12	-0.11332	13.401	0.10411	vapor
167.00	1.4083	0.10264	9.7427	2.1037	3.4939	97.047	12.474	20.787	761.26	-0.11335	13.428	0.10433	vapor
167.50	1.4083	0.10234	9.7718	2.1099	3.5043	97.109	12.474	20.787	762.40	-0.11338	13.454	0.10454	vapor
168.00	1.4083	0.10203	9.8009	2.1162	3.5147	97.171	12.474	20.787	763.53	-0.11342	13.481	0.10475	vapor
168.50	1.4083	0.10173	9.8301	2.1224	3.5251	97.233	12.474	20.787	764.66	-0.11345	13.508	0.10497	vapor
169.00	1.4083	0.10143	9.8592	2.1287	3.5355	97.295	12.474	20.787	765.79	-0.11348	13.534	0.10518	vapor
169.50	1.4083	0.10113	9.8883	2.1349	3.5459	97.356	12.474	20.787	766.92	-0.11351	13.561	0.10539	vapor
170.00	1.4083	0.10083	9.9175	2.1411	3.5563	97.417	12.474	20.787	768.05	-0.11354	13.588	0.10560	vapor
170.50	1.4083	0.10054	9.9466	2.1474	3.5667	97.478	12.474	20.787	769.18	-0.11357	13.614	0.10581	vapor
171.00	1.4083	0.10024	9.9757	2.1536	3.5771	97.539	12.474	20.787	770.30	-0.11360	13.641	0.10603	vapor
171.50	1.4083	0.099951	10.005	2.1598	3.5875	97.600	12.474	20.787	771.42	-0.11363	13.667	0.10624	vapor
172.00	1.4083	0.099661	10.034	2.1661	3.5979	97.661	12.474	20.787	772.54	-0.11365	13.694	0.10645	vapor
172.50	1.4083	0.099373	10.063	2.1723	3.6083	97.721	12.474	20.787	773.66	-0.11368	13.720	0.10666	vapor
173.00	1.4083	0.099086	10.092	2.1785	3.6186	97.781	12.474	20.787	774.78	-0.11371	13.747	0.10687	vapor
173.50	1.4083	0.098801	10.121	2.1848	3.6290	97.841	12.474	20.787	775.90	-0.11374	13.773	0.10708	vapor
174.00	1.4083	0.098517	10.151	2.1910	3.6394	97.901	12.474	20.787	777.01	-0.11376	13.800	0.10729	vapor
174.50	1.4083	0.098235	10.180	2.1973	3.6498	97.961	12.474	20.787	778.12	-0.11379	13.826	0.10750	vapor
175.00	1.4083	0.097955	10.209	2.2035	3.6602	98.020	12.474	20.787	779.23	-0.11381	13.852	0.10771	vapor
175.50	1.4083	0.097676	10.238	2.2097	3.6706	98.079	12.474	20.787	780.34	-0.11384	13.879	0.10792	vapor
176.00	1.4083	0.097399	10.267	2.2160	3.6810	98.138	12.474	20.787	781.45	-0.11386	13.905	0.10813	vapor
176.50	1.4083	0.097123	10.296	2.2222	3.6914	98.197	12.474	20.787	782.56	-0.11389	13.931	0.10834	vapor
177.00	1.4083	0.096849	10.325	2.2284	3.7018	98.256	12.474	20.787	783.66	-0.11391	13.958	0.10855	vapor
177.50	1.4083	0.096577	10.354	2.2347	3.7122	98.315	12.474	20.787	784.77	-0.11393	13.984	0.10876	vapor
178.00	1.4083	0.096306	10.384	2.2409	3.7226	98.373	12.474	20.787	785.87	-0.11396	14.010	0.10897	vapor
178.50	1.4083	0.096037	10.413	2.2471	3.7330	98.432	12.474	20.786	786.97	-0.11398	14.036	0.10918	vapor
179.00	1.4083	0.095769	10.442	2.2534	3.7434	98.490	12.474	20.786	788.07	-0.11400	14.063	0.10939	vapor
179.50	1.4083	0.095502	10.471	2.2596	3.7538	98.548	12.474	20.786	789.17	-0.11402	14.089	0.10960	vapor
180.00	1.4083	0.095237	10.500	2.2659	3.7642	98.606	12.474	20.786	790.26	-0.11404	14.115	0.10981	vapor
180.50	1.4083	0.094974	10.529	2.2721	3.7745	98.663	12.474	20.786	791.36	-0.11407	14.141	0.11001	vapor
181.00	1.4083	0.094712	10.558	2.2783	3.7849	98.721	12.474	20.786	792.45	-0.11409	14.167	0.11022	vapor
181.50	1.4083	0.094451	10.587	2.2846	3.7953	98.778	12.474	20.786	793.54	-0.11411	14.193	0.11043	vapor
182.00	1.4083	0.094192	10.617	2.2908	3.8057	98.835	12.474	20.786	794.63	-0.11413	14.219	0.11064	vapor
182.50	1.4083	0.093934	10.646	2.2970	3.8161	98.892	12.474	20.786	795.72	-0.11415	14.245	0.11085	vapor
183.00	1.4083	0.093678	10.675	2.3033	3.8265	98.949	12.474	20.786	796.80	-0.11416	14.271	0.11105	vapor
183.50	1.4083	0.093423	10.704	2.3095	3.8369	99.006	12.474	20.786	797.89	-0.11418	14.297	0.11126	vapor
184.00	1.4083	0.093169	10.733	2.3157	3.8473	99.062	12.474	20.786	798.97	-0.11420	14.323	0.11147	vapor
184.50	1.4083	0.092917	10.762	2.3220	3.8577	99.119	12.474	20.786	800.05	-0.11422	14.349	0.11168	vapor
185.00	1.4083	0.092666	10.791	2.3282	3.8681	99.175	12.474	20.786	801.14	-0.11424	14.375	0.11188	vapor
185.50	1.4083	0.092417	10.821	2.3345	3.8785	99.231	12.474	20.786	802.21	-0.11425	14.401	0.11209	vapor
186.00	1.4083	0.092169	10.850	2.3407	3.8889	99.287	12.474	20.786	803.29	-0.11427	14.427	0.11230	vapor
186.50	1.4083	0.091922	10.879	2.3469	3.8993	99.343	12.474	20.786	804.37	-0.11429	14.453	0.11250	vapor
187.00	1.4083	0.091676	10.908	2.3532	3.9097	99.399	12.474	20.786	805.44	-0.11430	14.479	0.11271	vapor
187.50	1.4083	0.091432	10.937	2.3594	3.9200	99.454	12.474	20.786	806.52	-0.11432	14.505	0.11291	vapor
188.00	1.4083	0.091189	10.966	2.3656	3.9304	99.509	12.474	20.786	807.59	-0.11434	14.531	0.11312	vapor
188.50	1.4083	0.090948	10.995	2.3719	3.9408	99.565	12.474	20.786	808.66	-0.11435	14.557	0.11333	vapor
189.00	1.4083	0.090708	11.024	2.3781	3.9512	99.620	12.473	20.786	809.73	-0.11437	14.582	0.11353	vapor
189.50	1.4083	0.090468	11.054	2.3843	3.9616	99.675	12.473	20.786	810.80	-0.11438	14.608	0.11374	vapor
190.00	1.4083	0.090231	11.083	2.3906	3.9720	99.729	12.473	20.786	811.86	-0.11439	14.634	0.11394	vapor
190.50	1.4083	0.089994	11.112	2.3968	3.9824	99.784	12.473	20.786	812.93	-0.11441	14.660	0.11415	vapor
191.00	1.4083	0.089759	11.141	2.4031	3.9928	99.839	12.473	20.786	813.99	-0.11442	14.685	0.11435	vapor
191.50	1.4083	0.089525	11.170	2.4093	4.0032	99.893	12.473	20.786	815.05	-0.11443	14.711	0.11456	vapor
192.00	1.4083	0.089292	11.199	2.4155	4.0136	99.947	12.473	20.786	816.12	-0.11445	14.737	0.11476	vapor
192.50	1.4083	0.089060	11.228	2.4218	4.0240	100.00	12.473	20.786	817.18	-0.11446	14.763	0.11497	vapor
193.00	1.4083	0.088830	11.257	2.4280	4.0344	100.06	12.473	20.786	818.23	-0.11447	14.788	0.11517	vapor
193.50	1.4083	0.088600	11.287	2.4342	4.0448	100.11	12.473	20.786	819.29	-0.11449	14.814	0.11538	vapor
194.00	1.4083	0.088372	11.316	2.4405	4.0552	100.16	12.473	20.786	820.35	-0.11450	14.839	0.11558	vapor
194.50	1.4083	0.088145	11.345	2.4467	4.0656	100.22	12.473	20.786	821.40	-0.11451	14.865	0.11578	vapor
195.00	1.4083	0.087920	11.374	2.4529	4.0759	100.27	12.473	20.786	822.45	-0.11452	14.891	0.11599	vapor
195.50	1.4083	0.087695	11.403	2.4592	4.0863	100.32	12.473	20.786	823.50	-0.11453	14.916	0.11619	vapor
196.00	1.4083	0.087472	11.432	2.4654	4.0967	100.38	12.473	20.786	824.55	-0.11454	14.942	0.11639	vapor
196.50	1.4083	0.087249	11.461	2.4717	4.1071	100.43	12.473	20.786	825.60	-0.11455	14.967	0.11660	vapor
197.00	1.4083	0.087028	11.491	2.4779	4.1175	100.48	12.473	20.786	826.65	-0.11456	14.993	0.11680	vapor
197.50	1.4083	0.086808	11.520	2.4841	4.1279	100.53	12.473	20.786	827.70	-0.11457	15.018	0.11700	vapor
198.00	1.4083	0.086589	11.549	2.4904	4.1383	100.59	12.473	20.786	828.74	-0.11458	15.044	0.11721	vapor
198.50	1.4083	0.086371	11.578	2.4966	4.1487	100.64	12.473	20.786	829.78	-0.11459	15.069	0.11741	vapor
199.00	1.4083	0.086154	11.607	2.5028	4.1591	100.69	12.473	20.786	830.83	-0.11460	15.095	0.11761	vapor
199.50	1.4083	0.085939	11.636	2.5091	4.1695	100.74	12.473	20.786	831.87	-0.11461	15.120	0.11781	vapor
200.00	1.4083	0.085724	11.665	2.5153	4.1799	100.80	12.473	20.786	832.91	-0.11462	15.145	0.11802	vapor
200.50	1.4083	0.085511	11.694	2.5215	4.1903	100.85	12.473	20.786	833.95	-0.11463	15.171	0.11822	vapor
201.00	1.4083	0.085298	11.724	2.5278	4.2007	100.90	12.473	20.786	834.98	-0.11463	15.196	0.11842	vapor
201.50	1.4083	0.085087	11.753	2.5340	4.2111	100.95	12.473	20.786	836.02	-0.11464	15.222	0.11862	vapor
202.00	1.4083	0.084876	11.782	2.5403	4.2214	101.00	12.473	20.786	837.05	-0.11465	15.247	0.11882	vapor
202.50	1.4083	0.084667	11.811	2.5465	4.2318	101.05	12.473	20.786	838.09	-0.11466	15.272	0.11903	vapor
203.00	1.4083	0.084459	11.840	2.5527	4.2422	101.11	12.473	20.786	839.12	-0.11466	15.297	0.11923	vapor
203.50	1.4083	0.084251	11.869	2.5590	4.2526	101.16	12.473	20.786	840.15	-0.11467	15.323	0.11943	vapor
204.00	1.4083	0.084045	11.898	2.5652	4.2630	101.21	12.473	20.786	841.18	-0.11468	15.348	0.11963	vapor
204.50	1.4083	0.083840	11.927	2.5714	4.2734	101.26	12.473	20.786	842.20	-0.11468	15.373	0.11983	vapor
205.00	1.4083	0.083636	11.957	2.5777	4.2838	101.31	12.473	20.786	843.23	-0.11469	15.398	0.12003	vapor
205.50	1.4083	0.083432	11.986	2.5839	4.2942	101.36	12.473	20.786	844.26	-0.11470	15.424	0.12023	vapor
206.00	1.4083	0.083230	12.015	2.5901	4.3046	101.41	12.473	20.786	845.28	-0.11470	15.449	0.12043	vapor
206.50	1.4083	0.083029	12.044	2.5964	4.3150	101.46	12.473	20.786	846.30	-0.11471	15.474	0.12063	vapor
207.00	1.4083	0.082828	12.073	2.6026	4.3254	101.51	12.473	20.786	847.33	-0.11471	15.499	0.12083	vapor
207.50	1.4083	0.082629	12.102	2.6089	4.3358	101.56	12.473	20.786	848.35	-0.11472	15.524	0.12103	vapor
208.00	1.4083	0.082431	12.131	2.6151	4.3462	101.61	12.473	20.786	849.37	-0.11472	15.549	0.12123	vapor
208.50	1.4083	0.082233	12.161	2.6213	4.3566	101.66	12.473	20.786	850.38	-0.11473	15.575	0.12143	vapor
209.00	1.4083	0.082037	12.190	2.6276	4.3670	101.71	12.473	20.786	851.40	-0.11473	15.600	0.12163	vapor
209.50	1.4083	0.081841	12.219	2.6338	4.3773	101.76	12.473	20.786	852.42	-0.11473	15.625	0.12183	vapor
210.00	1.4083	0.081646	12.248	2.6400	4.3877	101.81	12.473	20.786	853.43	-0.11474	15.650	0.12203	vapor
210.50	1.4083	0.081453	12.277	2.6463	4.3981	101.86	12.473	20.786	854.44	-0.11474	15.675	0.12223	vapor
211.00	1.4083	0.081260	12.306	2.6525	4.4085	101.91	12.473	20.786	855.46	-0.11475	15.700	0.12243	vapor
211.50	1.4083	0.081068	12.335	2.6587	4.4189	101.96	12.473	20.786	856.47	-0.11475	15.725	0.12263	vapor
212.00	1.4083	0.080877	12.364	2.6650	4.4293	102.01	12.473	20.786	857.48	-0.11475	15.750	0.12283	vapor
212.50	1.4083	0.080687	12.394	2.6712	4.4397	102.06	12.473	20.786	858.49	-0.11476	15.775	0.12303	vapor
213.00	1.4083	0.080498	12.423	2.6775	4.4501	102.10	12.473	20.786	859.49	-0.11476	15.800	0.12322	vapor
213.50	1.4083	0.080309	12.452	2.6837	4.4605	102.15	12.473	20.786	860.50	-0.11476	15.825	0.12342	vapor
214.00	1.4083	0.080122	12.481	2.6899	4.4709	102.20	12.473	20.786	861.50	-0.11476	15.850	0.12362	vapor
214.50	1.4083	0.079935	12.510	2.6962	4.4813	102.25	12.473	20.786	862.51	-0.11477	15.875	0.12382	vapor
215.00	1.4083	0.079750	12.539	2.7024	4.4917	102.30	12.473	20.786	863.51	-0.11477	15.899	0.12402	vapor
215.50	1.4083	0.079565	12.568	2.7086	4.5021	102.35	12.473	20.786	864.51	-0.11477	15.924	0.12422	vapor
216.00	1.4083	0.079381	12.597	2.7149	4.5125	102.40	12.473	20.786	865.51	-0.11477	15.949	0.12441	vapor
216.50	1.4083	0.079198	12.627	2.7211	4.5228	102.44	12.473	20.786	866.51	-0.11477	15.974	0.12461	vapor
217.00	1.4083	0.079015	12.656	2.7273	4.5332	102.49	12.473	20.786	867.51	-0.11477	15.999	0.12481	vapor
217.50	1.4083	0.078834	12.685	2.7336	4.5436	102.54	12.473	20.786	868.51	-0.11477	16.024	0.12501	vapor
218.00	1.4083	0.078653	12.714	2.7398	4.5540	102.59	12.473	20.786	869.50	-0.11478	16.049	0.12520	vapor
218.50	1.4083	0.078474	12.743	2.7461	4.5644	102.63	12.473	20.786	870.50	-0.11478	16.073	0.12540	vapor
219.00	1.4083	0.078295	12.772	2.7523	4.5748	102.68	12.473	20.786	871.49	-0.11478	16.098	0.12560	vapor
219.50	1.4083	0.078116	12.801	2.7585	4.5852	102.73	12.473	20.786	872.48	-0.11478	16.123	0.12579	vapor
220.00	1.4083	0.077939	12.831	2.7648	4.5956	102.78	12.473	20.786	873.47	-0.11478	16.148	0.12599	vapor
220.50	1.4083	0.077762	12.860	2.7710	4.6060	102.82	12.473	20.786	874.46	-0.11478	16.172	0.12619	vapor
221.00	1.4083	0.077587	12.889	2.7772	4.6164	102.87	12.473	20.786	875.45	-0.11478	16.197	0.12638	vapor
221.50	1.4083	0.077412	12.918	2.7835	4.6268	102.92	12.473	20.786	876.44	-0.11478	16.222	0.12658	vapor
222.00	1.4083	0.077238	12.947	2.7897	4.6372	102.96	12.473	20.786	877.43	-0.11478	16.246	0.12678	vapor
222.50	1.4083	0.077064	12.976	2.7959	4.6476	103.01	12.473	20.786	878.41	-0.11478	16.271	0.12697	vapor
223.00	1.4083	0.076892	13.005	2.8022	4.6580	103.06	12.473	20.786	879.40	-0.11478	16.296	0.12717	vapor
223.50	1.4083	0.076720	13.034	2.8084	4.6683	103.10	12.473	20.786	880.38	-0.11477	16.320	0.12736	vapor
224.00	1.4083	0.076549	13.064	2.8146	4.6787	103.15	12.473	20.786	881.36	-0.11477	16.345	0.12756	vapor
224.50	1.4083	0.076378	13.093	2.8209	4.6891	103.20	12.473	20.786	882.34	-0.11477	16.369	0.12776	vapor
225.00	1.4083	0.076209	13.122	2.8271	4.6995	103.24	12.473	20.786	883.32	-0.11477	16.394	0.12795	vapor
225.50	1.4083	0.076040	13.151	2.8334	4.7099	103.29	12.473	20.786	884.30	-0.11477	16.419	0.12815	vapor
226.00	1.4083	0.075872	13.180	2.8396	4.7203	103.34	12.473	20.786	885.28	-0.11477	16.443	0.12834	vapor
226.50	1.4083	0.075705	13.209	2.8458	4.7307	103.38	12.473	20.786	886.26	-0.11477	16.468	0.12854	vapor
227.00	1.4083	0.075538	13.238	2.8521	4.7411	103.43	12.473	20.786	887.23	-0.11476	16.492	0.12873	vapor
227.50	1.4083	0.075372	13.268	2.8583	4.7515	103.47	12.473	20.786	888.21	-0.11476	16.517	0.12893	vapor
228.00	1.4083	0.075207	13.297	2.8645	4.7619	103.52	12.473	20.786	889.18	-0.11476	16.541	0.12912	vapor
228.50	1.4083	0.075043	13.326	2.8708	4.7723	103.56	12.473	20.786	890.16	-0.11476	16.566	0.12932	vapor
229.00	1.4083	0.074879	13.355	2.8770	4.7827	103.61	12.473	20.786	891.13	-0.11475	16.590	0.12951	vapor
229.50	1.4083	0.074716	13.384	2.8832	4.7931	103.66	12.473	20.786	892.10	-0.11475	16.615	0.12970	vapor
230.00	1.4083	0.074554	13.413	2.8895	4.8035	103.70	12.473	20.786	893.07	-0.11475	16.639	0.12990	vapor
230.50	1.4083	0.074392	13.442	2.8957	4.8138	103.75	12.473	20.786	894.04	-0.11475	16.663	0.13009	vapor
231.00	1.4083	0.074231	13.471	2.9020	4.8242	103.79	12.473	20.786	895.00	-0.11474	16.688	0.13029	vapor
231.50	1.4083	0.074071	13.501	2.9082	4.8346	103.84	12.473	20.786	895.97	-0.11474	16.712	0.13048	vapor
232.00	1.4083	0.073912	13.530	2.9144	4.8450	103.88	12.473	20.786	896.93	-0.11474	16.737	0.13067	vapor
232.50	1.4083	0.073753	13.559	2.9207	4.8554	103.93	12.473	20.786	897.90	-0.11473	16.761	0.13087	vapor
233.00	1.4083	0.073595	13.588	2.9269	4.8658	103.97	12.473	20.786	898.86	-0.11473	16.785	0.13106	vapor
233.50	1.4083	0.073437	13.617	2.9331	4.8762	104.01	12.473	20.786	899.82	-0.11473	16.810	0.13125	vapor
234.00	1.4083	0.073280	13.646	2.9394	4.8866	104.06	12.473	20.786	900.79	-0.11472	16.834	0.13145	vapor
234.50	1.4083	0.073124	13.675	2.9456	4.8970	104.10	12.473	20.786	901.75	-0.11472	16.858	0.13164	vapor
235.00	1.4083	0.072969	13.704	2.9518	4.9074	104.15	12.473	20.786	902.70	-0.11471	16.883	0.13183	vapor
235.50	1.4083	0.072814	13.734	2.9581	4.9178	104.19	12.473	20.786	903.66	-0.11471	16.907	0.13203	vapor
236.00	1.4083	0.072660	13.763	2.9643	4.9282	104.24	12.473	20.786	904.62	-0.11470	16.931	0.13222	vapor
236.50	1.4083	0.072507	13.792	2.9705	4.9386	104.28	12.473	20.786	905.58	-0.11470	16.955	0.13241	vapor
237.00	1.4083	0.072354	13.821	2.9768	4.9490	104.32	12.473	20.786	906.53	-0.11470	16.980	0.13260	vapor
237.50	1.4083	0.072202	13.850	2.9830	4.9593	104.37	12.473	20.786	907.48	-0.11469	17.004	0.13280	vapor
238.00	1.4083	0.072050	13.879	2.9893	4.9697	104.41	12.473	20.786	908.44	-0.11469	17.028	0.13299	vapor
238.50	1.4083	0.071899	13.908	2.9955	4.9801	104.45	12.473	20.786	909.39	-0.11468	17.052	0.13318	vapor
239.00	1.4083	0.071749	13.938	3.0017	4.9905	104.50	12.473	20.786	910.34	-0.11468	17.076	0.13337	vapor
239.50	1.4083	0.071599	13.967	3.0080	5.0009	104.54	12.473	20.786	911.29	-0.11467	17.101	0.13357	vapor
240.00	1.4083	0.071450	13.996	3.0142	5.0113	104.59	12.473	20.786	912.24	-0.11466	17.125	0.13376	vapor
240.50	1.4083	0.071302	14.025	3.0204	5.0217	104.63	12.473	20.786	913.19	-0.11466	17.149	0.13395	vapor
241.00	1.4083	0.071154	14.054	3.0267	5.0321	104.67	12.473	20.786	914.13	-0.11465	17.173	0.13414	vapor
241.50	1.4083	0.071007	14.083	3.0329	5.0425	104.71	12.473	20.786	915.08	-0.11465	17.197	0.13433	vapor
242.00	1.4083	0.070860	14.112	3.0391	5.0529	104.76	12.473	20.786	916.03	-0.11464	17.221	0.13452	vapor
242.50	1.4083	0.070714	14.141	3.0454	5.0633	104.80	12.473	20.786	916.97	-0.11464	17.245	0.13471	vapor
243.00	1.4083	0.070569	14.171	3.0516	5.0737	104.84	12.473	20.786	917.91	-0.11463	17.269	0.13491	vapor
243.50	1.4083	0.070424	14.200	3.0579	5.0841	104.89	12.473	20.786	918.86	-0.11462	17.293	0.13510	vapor
244.00	1.4083	0.070280	14.229	3.0641	5.0945	104.93	12.473	20.786	919.80	-0.11462	17.317	0.13529	vapor
244.50	1.4083	0.070136	14.258	3.0703	5.1048	104.97	12.473	20.786	920.74	-0.11461	17.341	0.13548	vapor
245.00	1.4083	0.069993	14.287	3.0766	5.1152	105.01	12.473	20.786	921.68	-0.11461	17.365	0.13567	vapor
245.50	1.4083	0.069851	14.316	3.0828	5.1256	105.06	12.473	20.786	922.61	-0.11460	17.389	0.13586	vapor
246.00	1.4083	0.069709	14.345	3.0890	5.1360	105.10	12.473	20.786	923.55	-0.11459	17.413	0.13605	vapor
246.50	1.4083	0.069568	14.374	3.0953	5.1464	105.14	12.473	20.786	924.49	-0.11459	17.437	0.13624	vapor
247.00	1.4083	0.069427	14.404	3.1015	5.1568	105.18	12.473	20.786	925.42	-0.11458	17.461	0.13643	vapor
247.50	1.4083	0.069287	14.433	3.1077	5.1672	105.22	12.473	20.786	926.36	-0.11457	17.485	0.13662	vapor
248.00	1.4083	0.069147	14.462	3.1140	5.1776	105.27	12.473	20.786	927.29	-0.11456	17.509	0.13681	vapor
248.50	1.4083	0.069008	14.491	3.1202	5.1880	105.31	12.473	20.786	928.23	-0.11456	17.533	0.13700	vapor
249.00	1.4083	0.068870	14.520	3.1265	5.1984	105.35	12.473	20.786	929.16	-0.11455	17.557	0.13719	vapor
249.50	1.4083	0.068732	14.549	3.1327	5.2088	105.39	12.473	20.786	930.09	-0.11454	17.581	0.13738	vapor
250.00	1.4083	0.068595	14.578	3.1389	5.2192	105.43	12.473	20.786	931.02	-0.11454	17.605	0.13757	vapor
250.50	1.4083	0.068458	14.608	3.1452	5.2296	105.48	12.473	20.786	931.95	-0.11453	17.629	0.13776	vapor
251.00	1.4083	0.068322	14.637	3.1514	5.2399	105.52	12.473	20.786	932.87	-0.11452	17.652	0.13795	vapor
251.50	1.4083	0.068186	14.666	3.1576	5.2503	105.56	12.473	20.786	933.80	-0.11451	17.676	0.13814	vapor
252.00	1.4083	0.068051	14.695	3.1639	5.2607	105.60	12.473	20.786	934.73	-0.11450	17.700	0.13833	vapor
252.50	1.4083	0.067916	14.724	3.1701	5.2711	105.64	12.473	20.786	935.65	-0.11450	17.724	0.13851	vapor
253.00	1.4083	0.067782	14.753	3.1763	5.2815	105.68	12.473	20.786	936.58	-0.11449	17.748	0.13870	vapor
253.50	1.4083	0.067648	14.782	3.1826	5.2919	105.72	12.473	20.786	937.50	-0.11448	17.772	0.13889	vapor
254.00	1.4083	0.067515	14.811	3.1888	5.3023	105.76	12.473	20.786	938.42	-0.11447	17.795	0.13908	vapor
254.50	1.4083	0.067383	14.841	3.1950	5.3127	105.80	12.473	20.786	939.35	-0.11446	17.819	0.13927	vapor
255.00	1.4083	0.067251	14.870	3.2013	5.3231	105.85	12.473	20.786	940.27	-0.11446	17.843	0.13946	vapor
255.50	1.4083	0.067119	14.899	3.2075	5.3335	105.89	12.473	20.785	941.19	-0.11445	17.867	0.13965	vapor
256.00	1.4083	0.066988	14.928	3.2138	5.3439	105.93	12.473	20.785	942.10	-0.11444	17.890	0.13983	vapor
256.50	1.4083	0.066858	14.957	3.2200	5.3543	105.97	12.473	20.785	943.02	-0.11443	17.914	0.14002	vapor
257.00	1.4083	0.066728	14.986	3.2262	5.3647	106.01	12.473	20.785	943.94	-0.11442	17.938	0.14021	vapor
257.50	1.4083	0.066599	15.015	3.2325	5.3751	106.05	12.473	20.785	944.86	-0.11441	17.961	0.14040	vapor
258.00	1.4083	0.066470	15.044	3.2387	5.3854	106.09	12.473	20.785	945.77	-0.11440	17.985	0.14059	vapor
258.50	1.4083	0.066341	15.074	3.2449	5.3958	106.13	12.473	20.785	946.69	-0.11440	18.009	0.14077	vapor
259.00	1.4083	0.066213	15.103	3.2512	5.4062	106.17	12.473	20.785	947.60	-0.11439	18.032	0.14096	vapor
259.50	1.4083	0.066086	15.132	3.2574	5.4166	106.21	12.473	20.785	948.51	-0.11438	18.056	0.14115	vapor
260.00	1.4083	0.065959	15.161	3.2636	5.4270	106.25	12.473	20.785	949.42	-0.11437	18.080	0.14134	vapor
260.50	1.4083	0.065832	15.190	3.2699	5.4374	106.29	12.473	20.785	950.34	-0.11436	18.103	0.14152	vapor
261.00	1.4083	0.065706	15.219	3.2761	5.4478	106.33	12.473	20.785	951.25	-0.11435	18.127	0.14171	vapor
261.50	1.4083	0.065581	15.248	3.2824	5.4582	106.37	12.473	20.785	952.15	-0.11434	18.150	0.14190	vapor
262.00	1.4083	0.065456	15.278	3.2886	5.4686	106.41	12.473	20.785	953.06	-0.11433	18.174	0.14209	vapor
262.50	1.4083	0.065331	15.307	3.2948	5.4790	106.45	12.473	20.785	953.97	-0.11432	18.197	0.14227	vapor
263.00	1.4083	0.065207	15.336	3.3011	5.4894	106.49	12.473	20.785	954.88	-0.11431	18.221	0.14246	vapor
263.50	1.4083	0.065083	15.365	3.3073	5.4998	106.53	12.473	20.785	955.78	-0.11430	18.245	0.14265	vapor
264.00	1.4083	0.064960	15.394	3.3135	5.5102	106.57	12.473	20.785	956.69	-0.11429	18.268	0.14283	vapor
264.50	1.4083	0.064838	15.423	3.3198	5.5206	106.61	12.473	20.785	957.59	-0.11428	18.292	0.14302	vapor
265.00	1.4083	0.064715	15.452	3.3260	5.5309	106.64	12.473	20.785	958.50	-0.11427	18.315	0.14320	vapor
265.50	1.4083	0.064594	15.481	3.3322	5.5413	106.68	12.473	20.785	959.40	-0.11426	18.339	0.14339	vapor
266.00	1.4083	0.064472	15.511	3.3385	5.5517	106.72	12.473	20.785	960.30	-0.11425	18.362	0.14358	vapor
266.50	1.4083	0.064351	15.540	3.3447	5.5621	106.76	12.473	20.785	961.20	-0.11424	18.385	0.14376	vapor
267.00	1.4083	0.064231	15.569	3.3509	5.5725	106.80	12.473	20.785	962.10	-0.11423	18.409	0.14395	vapor
267.50	1.4083	0.064111	15.598	3.3572	5.5829	106.84	12.473	20.785	963.00	-0.11422	18.432	0.14413	vapor
268.00	1.4083	0.063991	15.627	3.3634	5.5933	106.88	12.473	20.785	963.90	-0.11421	18.456	0.14432	vapor
268.50	1.4083	0.063872	15.656	3.3697	5.6037	106.92	12.473	20.785	964.79	-0.11420	18.479	0.14451	vapor
269.00	1.4083	0.063754	15.685	3.3759	5.6141	106.96	12.473	20.785	965.69	-0.11419	18.503	0.14469	vapor
269.50	1.4083	0.063636	15.714	3.3821	5.6245	106.99	12.473	20.785	966.59	-0.11418	18.526	0.14488	vapor
270.00	1.4083	0.063518	15.744	3.3884	5.6349	107.03	12.473	20.785	967.48	-0.11417	18.549	0.14506	vapor
270.50	1.4083	0.063401	15.773	3.3946	5.6453	107.07	12.473	20.785	968.38	-0.11416	18.573	0.14525	vapor
271.00	1.4083	0.063284	15.802	3.4008	5.6557	107.11	12.473	20.785	969.27	-0.11415	18.596	0.14543	vapor
271.50	1.4083	0.063167	15.831	3.4071	5.6661	107.15	12.473	20.785	970.16	-0.11414	18.619	0.14562	vapor
272.00	1.4083	0.063051	15.860	3.4133	5.6764	107.19	12.473	20.785	971.05	-0.11413	18.643	0.14580	vapor
272.50	1.4083	0.062936	15.889	3.4195	5.6868	107.23	12.473	20.785	971.94	-0.11412	18.666	0.14599	vapor
273.00	1.4083	0.062820	15.918	3.4258	5.6972	107.26	12.473	20.785	972.83	-0.11411	18.689	0.14617	vapor
273.50	1.4083	0.062706	15.948	3.4320	5.7076	107.30	12.473	20.785	973.72	-0.11410	18.713	0.14636	vapor
274.00	1.4083	0.062591	15.977	3.4382	5.7180	107.34	12.473	20.785	974.61	-0.11409	18.736	0.14654	vapor
274.50	1.4083	0.062477	16.006	3.4445	5.7284	107.38	12.473	20.785	975.50	-0.11407	18.759	0.14673	vapor
275.00	1.4083	0.062364	16.035	3.4507	5.7388	107.41	12.473	20.785	976.38	-0.11406	18.782	0.14691	vapor
275.50	1.4083	0.062251	16.064	3.4570	5.7492	107.45	12.473	20.785	977.27	-0.11405	18.806	0.14709	vapor
276.00	1.4083	0.062138	16.093	3.4632	5.7596	107.49	12.473	20.785	978.16	-0.11404	18.829	0.14728	vapor
276.50	1.4083	0.062026	16.122	3.4694	5.7700	107.53	12.473	20.785	979.04	-0.11403	18.852	0.14746	vapor
277.00	1.4083	0.061914	16.151	3.4757	5.7804	107.57	12.473	20.785	979.92	-0.11402	18.875	0.14765	vapor
277.50	1.4083	0.061803	16.181	3.4819	5.7908	107.60	12.473	20.785	980.81	-0.11401	18.899	0.14783	vapor
278.00	1.4083	0.061691	16.210	3.4881	5.8012	107.64	12.473	20.785	981.69	-0.11400	18.922	0.14801	vapor
278.50	1.4083	0.061581	16.239	3.4944	5.8115	107.68	12.473	20.785	982.57	-0.11398	18.945	0.14820	vapor
279.00	1.4083	0.061471	16.268	3.5006	5.8219	107.72	12.473	20.785	983.45	-0.11397	18.968	0.14838	vapor
279.50	1.4083	0.061361	16.297	3.5068	5.8323	107.75	12.473	20.785	984.33	-0.11396	18.991	0.14856	vapor
280.00	1.4083	0.061251	16.326	3.5131	5.8427	107.79	12.473	20.785	985.21	-0.11395	19.014	0.14875	vapor
280.50	1.4083	0.061142	16.355	3.5193	5.8531	107.83	12.473	20.785	986.08	-0.11394	19.038	0.14893	vapor
281.00	1.4083	0.061033	16.384	3.5256	5.8635	107.86	12.473	20.785	986.96	-0.11393	19.061	0.14911	vapor
281.50	1.4083	0.060925	16.414	3.5318	5.8739	107.90	12.473	20.785	987.84	-0.11391	19.084	0.14930	vapor
282.00	1.4083	0.060817	16.443	3.5380	5.8843	107.94	12.473	20.785	988.71	-0.11390	19.107	0.14948	vapor
282.50	1.4083	0.060710	16.472	3.5443	5.8947	107.97	12.473	20.785	989.59	-0.11389	19.130	0.14966	vapor
283.00	1.4083	0.060602	16.501	3.5505	5.9051	108.01	12.473	20.785	990.46	-0.11388	19.153	0.14985	vapor
283.50	1.4083	0.060496	16.530	3.5567	5.9155	108.05	12.473	20.785	991.34	-0.11387	19.176	0.15003	vapor
284.00	1.4083	0.060389	16.559	3.5630	5.9259	108.08	12.473	20.785	992.21	-0.11385	19.199	0.15021	vapor
284.50	1.4083	0.060283	16.588	3.5692	5.9363	108.12	12.473	20.785	993.08	-0.11384	19.222	0.15039	vapor
285.00	1.4083	0.060177	16.618	3.5754	5.9467	108.16	12.473	20.785	993.95	-0.11383	19.245	0.15058	vapor
285.50	1.4083	0.060072	16.647	3.5817	5.9570	108.19	12.473	20.785	994.82	-0.11382	19.268	0.15076	vapor
286.00	1.4083	0.059967	16.676	3.5879	5.9674	108.23	12.473	20.785	995.69	-0.11381	19.291	0.15094	vapor
286.50	1.4083	0.059863	16.705	3.5941	5.9778	108.27	12.473	20.785	996.56	-0.11379	19.314	0.15112	vapor
287.00	1.4083	0.059758	16.734	3.6004	5.9882	108.30	12.473	20.785	997.43	-0.11378	19.337	0.15131	vapor
287.50	1.4083	0.059655	16.763	3.6066	5.9986	108.34	12.473	20.785	998.30	-0.11377	19.360	0.15149	vapor
288.00	1.4083	0.059551	16.792	3.6129	6.0090	108.37	12.473	20.785	999.16	-0.11376	19.383	0.15167	vapor
288.50	1.4083	0.059448	16.821	3.6191	6.0194	108.41	12.473	20.785	1000.0	-0.11374	19.406	0.15185	vapor
289.00	1.4083	0.059345	16.851	3.6253	6.0298	108.45	12.473	20.785	1000.9	-0.11373	19.429	0.15203	vapor
289.50	1.4083	0.059243	16.880	3.6316	6.0402	108.48	12.473	20.785	1001.8	-0.11372	19.452	0.15221	vapor
290.00	1.4083	0.059141	16.909	3.6378	6.0506	108.52	12.473	20.785	1002.6	-0.11371	19.475	0.15240	vapor
290.50	1.4083	0.059039	16.938	3.6440	6.0610	108.55	12.473	20.785	1003.5	-0.11369	19.498	0.15258	vapor
291.00	1.4083	0.058938	16.967	3.6503	6.0714	108.59	12.473	20.785	1004.3	-0.11368	19.521	0.15276	vapor
291.50	1.4083	0.058837	16.996	3.6565	6.0818	108.63	12.473	20.785	1005.2	-0.11367	19.544	0.15294	vapor
292.00	1.4083	0.058736	17.025	3.6627	6.0922	108.66	12.473	20.785	1006.1	-0.11366	19.567	0.15312	vapor
292.50	1.4083	0.058636	17.054	3.6690	6.1025	108.70	12.473	20.785	1006.9	-0.11364	19.589	0.15330	vapor
293.00	1.4083	0.058536	17.084	3.6752	6.1129	108.73	12.473	20.785	1007.8	-0.11363	19.612	0.15348	vapor
293.50	1.4083	0.058436	17.113	3.6814	6.1233	108.77	12.473	20.785	1008.6	-0.11362	19.635	0.15366	vapor
294.00	1.4083	0.058337	17.142	3.6877	6.1337	108.80	12.473	20.785	1009.5	-0.11361	19.658	0.15384	vapor
294.50	1.4083	0.058238	17.171	3.6939	6.1441	108.84	12.473	20.785	1010.4	-0.11359	19.681	0.15402	vapor
295.00	1.4083	0.058139	17.200	3.7002	6.1545	108.87	12.473	20.785	1011.2	-0.11358	19.704	0.15421	vapor
295.50	1.4083	0.058041	17.229	3.7064	6.1649	108.91	12.473	20.785	1012.1	-0.11357	19.726	0.15439	vapor
296.00	1.4083	0.057943	17.258	3.7126	6.1753	108.94	12.473	20.785	1012.9	-0.11355	19.749	0.15457	vapor
296.50	1.4083	0.057845	17.288	3.7189	6.1857	108.98	12.473	20.785	1013.8	-0.11354	19.772	0.15475	vapor
297.00	1.4083	0.057748	17.317	3.7251	6.1961	109.01	12.473	20.785	1014.6	-0.11353	19.795	0.15493	vapor
297.50	1.4083	0.057651	17.346	3.7313	6.2065	109.05	12.473	20.785	1015.5	-0.11351	19.818	0.15511	vapor
298.00	1.4083	0.057554	17.375	3.7376	6.2169	109.08	12.473	20.785	1016.3	-0.11350	19.840	0.15529	vapor
298.50	1.4083	0.057458	17.404	3.7438	6.2273	109.12	12.473	20.785	1017.2	-0.11349	19.863	0.15547	vapor
299.00	1.4083	0.057362	17.433	3.7500	6.2376	109.15	12.472	20.785	1018.0	-0.11347	19.886	0.15565	vapor
299.50	1.4083	0.057266	17.462	3.7563	6.2480	109.19	12.472	20.785	1018.9	-0.11346	19.908	0.15583	vapor
300.00	1.4083	0.057171	17.491	3.7625	6.2584	109.22	12.472	20.785	1019.7	-0.11345	19.931	0.15601	vapor
