Temperature (K)	Pressure (atm)	Density (mol/l)	Volume (l/mol)	Internal Energy (kJ/mol)	Enthalpy (kJ/mol)	Entropy (J/mol*K)	Cv (J/mol*K)	Cp (J/mol*K)	Sound Spd. (m/s)	Joule-Thomson (F/atm)	Viscosity (uPa*s)	Therm. Cond. (W/m*K)	Phase
4.0000	1.3402	32.858	0.030434	-0.0081142	-0.0039814	-1.2276	9.9181	16.811	196.38	-0.14851	3.4132	0.018882	liquid
4.5000	1.3402	29.839	0.033513	0.0017254	0.0062764	1.1785	10.393	26.339	166.11	0.065712	3.0330	0.018847	liquid
4.5579	1.3402	29.315	0.034112	0.0032419	0.0078743	1.5313	10.452	29.006	161.03	0.10805	2.9751	0.018794	liquid
4.5579	1.3402	5.7562	0.17373	0.058126	0.081718	17.733	12.675	46.375	100.83	1.8558	1.4010	0.010292	vapor
5.0000	1.3402	4.4606	0.22419	0.067803	0.098247	21.203	12.611	32.300	114.25	1.5150	1.4584	0.010712	vapor
5.5000	1.3402	3.7103	0.26952	0.076531	0.11313	24.044	12.520	27.901	125.31	1.2895	1.5421	0.011356	vapor
6.0000	1.3402	3.2240	0.31018	0.084394	0.12652	26.374	12.467	25.849	134.45	1.1311	1.6291	0.012025	vapor
6.5000	1.3402	2.8706	0.34836	0.091813	0.13912	28.392	12.442	24.659	142.46	1.0097	1.7162	0.012699	vapor
7.0000	1.3402	2.5975	0.38499	0.098963	0.15124	30.190	12.433	23.887	149.71	0.91231	1.8022	0.013371	vapor
7.5000	1.3402	2.3779	0.42055	0.10594	0.16305	31.818	12.433	23.350	156.40	0.83165	1.8868	0.014028	vapor
8.0000	1.3402	2.1962	0.45533	0.11278	0.17462	33.312	12.438	22.956	162.66	0.76331	1.9697	0.014667	vapor
8.5000	1.3402	2.0428	0.48952	0.11954	0.18602	34.694	12.444	22.656	168.57	0.70440	2.0511	0.015284	vapor
9.0000	1.3402	1.9111	0.52325	0.12623	0.19728	35.983	12.451	22.420	174.19	0.65290	2.1310	0.015882	vapor
9.5000	1.3402	1.7966	0.55660	0.13286	0.20844	37.189	12.457	22.230	179.57	0.60737	2.2093	0.016461	vapor
10.000	1.3402	1.6959	0.58965	0.13945	0.21952	38.326	12.464	22.075	184.74	0.56673	2.2861	0.017024	vapor
10.500	1.3402	1.6066	0.62244	0.14600	0.23052	39.399	12.469	21.945	189.72	0.53016	2.3616	0.017572	vapor
11.000	1.3402	1.5267	0.65502	0.15252	0.24147	40.418	12.474	21.835	194.54	0.49705	2.4357	0.018105	vapor
11.500	1.3402	1.4547	0.68741	0.15901	0.25236	41.386	12.478	21.741	199.21	0.46687	2.5085	0.018627	vapor
12.000	1.3402	1.3896	0.71964	0.16549	0.26321	42.310	12.482	21.660	203.75	0.43924	2.5801	0.019136	vapor
12.500	1.3402	1.3303	0.75173	0.17194	0.27402	43.193	12.485	21.589	208.17	0.41383	2.6505	0.019635	vapor
13.000	1.3402	1.2760	0.78370	0.17838	0.28480	44.038	12.488	21.527	212.48	0.39037	2.7198	0.020125	vapor
13.500	1.3402	1.2261	0.81557	0.18480	0.29555	44.849	12.490	21.472	216.69	0.36864	2.7881	0.020605	vapor
14.000	1.3402	1.1802	0.84734	0.19121	0.30628	45.629	12.492	21.423	220.80	0.34844	2.8553	0.021077	vapor
14.500	1.3402	1.1376	0.87902	0.19761	0.31698	46.380	12.493	21.379	224.82	0.32961	2.9215	0.021542	vapor
15.000	1.3402	1.0981	0.91062	0.20399	0.32766	47.105	12.494	21.340	228.77	0.31202	2.9868	0.021999	vapor
15.500	1.3402	1.0614	0.94216	0.21037	0.33832	47.804	12.495	21.304	232.64	0.29554	3.0512	0.022449	vapor
16.000	1.3402	1.0271	0.97364	0.21674	0.34896	48.480	12.496	21.272	236.43	0.28008	3.1148	0.022894	vapor
16.500	1.3402	0.99497	1.0051	0.22310	0.35959	49.134	12.497	21.243	240.16	0.26554	3.1775	0.023332	vapor
17.000	1.3402	0.96485	1.0364	0.22946	0.37020	49.767	12.497	21.216	243.83	0.25184	3.2394	0.023765	vapor
17.500	1.3402	0.93655	1.0677	0.23581	0.38080	50.382	12.498	21.191	247.44	0.23891	3.3006	0.024193	vapor
18.000	1.3402	0.90989	1.0990	0.24215	0.39139	50.979	12.498	21.169	250.99	0.22669	3.3610	0.024616	vapor
18.500	1.3402	0.88474	1.1303	0.24848	0.40197	51.558	12.498	21.148	254.48	0.21512	3.4207	0.025035	vapor
19.000	1.3402	0.86098	1.1615	0.25482	0.41254	52.122	12.498	21.129	257.92	0.20415	3.4797	0.025449	vapor
19.500	1.3402	0.83847	1.1926	0.26114	0.42310	52.671	12.498	21.111	261.32	0.19375	3.5381	0.025859	vapor
20.000	1.3402	0.81714	1.2238	0.26747	0.43365	53.205	12.498	21.095	264.66	0.18386	3.5958	0.026265	vapor
20.500	1.3402	0.79688	1.2549	0.27378	0.44420	53.726	12.498	21.080	267.97	0.17445	3.6529	0.026667	vapor
21.000	1.3402	0.77761	1.2860	0.28010	0.45473	54.233	12.498	21.065	271.22	0.16549	3.7095	0.027065	vapor
21.500	1.3402	0.75927	1.3170	0.28641	0.46526	54.729	12.498	21.052	274.44	0.15695	3.7654	0.027461	vapor
22.000	1.3402	0.74179	1.3481	0.29272	0.47579	55.213	12.497	21.040	277.62	0.14880	3.8208	0.027853	vapor
22.500	1.3402	0.72511	1.3791	0.29902	0.48630	55.686	12.497	21.028	280.76	0.14101	3.8756	0.028241	vapor
23.000	1.3402	0.70917	1.4101	0.30532	0.49682	56.148	12.497	21.018	283.86	0.13357	3.9300	0.028627	vapor
23.500	1.3402	0.69392	1.4411	0.31162	0.50732	56.600	12.497	21.007	286.93	0.12644	3.9838	0.029010	vapor
24.000	1.3402	0.67933	1.4720	0.31792	0.51782	57.042	12.496	20.998	289.96	0.11962	4.0371	0.029390	vapor
24.500	1.3402	0.66534	1.5030	0.32421	0.52832	57.475	12.496	20.989	292.96	0.11308	4.0900	0.029767	vapor
25.000	1.3402	0.65192	1.5339	0.33051	0.53881	57.899	12.496	20.981	295.93	0.10681	4.1424	0.030142	vapor
25.500	1.3402	0.63904	1.5648	0.33680	0.54930	58.314	12.495	20.973	298.86	0.10079	4.1943	0.030514	vapor
26.000	1.3402	0.62667	1.5957	0.34308	0.55978	58.721	12.495	20.965	301.77	0.095009	4.2458	0.030884	vapor
26.500	1.3402	0.61477	1.6266	0.34937	0.57027	59.120	12.495	20.958	304.65	0.089453	4.2969	0.031251	vapor
27.000	1.3402	0.60331	1.6575	0.35565	0.58074	59.512	12.495	20.952	307.50	0.084109	4.3476	0.031617	vapor
27.500	1.3402	0.59228	1.6884	0.36194	0.59122	59.896	12.494	20.945	310.32	0.078967	4.3978	0.031980	vapor
28.000	1.3402	0.58165	1.7192	0.36822	0.60169	60.274	12.494	20.939	313.12	0.074015	4.4477	0.032340	vapor
28.500	1.3402	0.57140	1.7501	0.37450	0.61216	60.644	12.494	20.934	315.89	0.069245	4.4972	0.032699	vapor
29.000	1.3402	0.56151	1.7809	0.38077	0.62262	61.008	12.493	20.928	318.64	0.064647	4.5463	0.033056	vapor
29.500	1.3402	0.55195	1.8118	0.38705	0.63308	61.366	12.493	20.923	321.36	0.060212	4.5951	0.033411	vapor
30.000	1.3402	0.54272	1.8426	0.39333	0.64355	61.718	12.493	20.918	324.05	0.055933	4.6435	0.033764	vapor
30.500	1.3402	0.53379	1.8734	0.39960	0.65400	62.063	12.492	20.914	326.73	0.051801	4.6916	0.034115	vapor
31.000	1.3402	0.52516	1.9042	0.40587	0.66446	62.403	12.492	20.909	329.38	0.047810	4.7394	0.034464	vapor
31.500	1.3402	0.51680	1.9350	0.41214	0.67491	62.738	12.492	20.905	332.01	0.043954	4.7868	0.034811	vapor
32.000	1.3402	0.50870	1.9658	0.41841	0.68536	63.067	12.491	20.901	334.62	0.040226	4.8339	0.035157	vapor
32.500	1.3402	0.50086	1.9966	0.42468	0.69581	63.391	12.491	20.897	337.21	0.036620	4.8807	0.035501	vapor
33.000	1.3402	0.49326	2.0273	0.43095	0.70626	63.710	12.491	20.894	339.78	0.033131	4.9272	0.035843	vapor
33.500	1.3402	0.48588	2.0581	0.43722	0.71671	64.024	12.491	20.890	342.33	0.029753	4.9734	0.036184	vapor
34.000	1.3402	0.47872	2.0889	0.44348	0.72715	64.334	12.490	20.887	344.86	0.026482	5.0193	0.036524	vapor
34.500	1.3402	0.47178	2.1196	0.44975	0.73759	64.639	12.490	20.884	347.37	0.023314	5.0649	0.036861	vapor
35.000	1.3402	0.46503	2.1504	0.45601	0.74804	64.939	12.490	20.881	349.86	0.020243	5.1103	0.037198	vapor
35.500	1.3402	0.45847	2.1811	0.46228	0.75848	65.235	12.489	20.878	352.33	0.017266	5.1554	0.037532	vapor
36.000	1.3402	0.45210	2.2119	0.46854	0.76891	65.527	12.489	20.875	354.79	0.014378	5.2002	0.037866	vapor
36.500	1.3402	0.44590	2.2426	0.47480	0.77935	65.815	12.489	20.872	357.23	0.011577	5.2447	0.038198	vapor
37.000	1.3402	0.43987	2.2734	0.48106	0.78979	66.099	12.489	20.870	359.65	0.0088583	5.2891	0.038528	vapor
37.500	1.3402	0.43401	2.3041	0.48732	0.80022	66.379	12.488	20.867	362.06	0.0062190	5.3331	0.038857	vapor
38.000	1.3402	0.42830	2.3348	0.49358	0.81065	66.656	12.488	20.865	364.45	0.0036558	5.3769	0.039185	vapor
38.500	1.3402	0.42273	2.3656	0.49984	0.82108	66.928	12.488	20.863	366.82	0.0011659	5.4205	0.039512	vapor
39.000	1.3402	0.41731	2.3963	0.50610	0.83152	67.198	12.488	20.860	369.18	-0.0012537	5.4639	0.039837	vapor
39.500	1.3402	0.41203	2.4270	0.51236	0.84195	67.463	12.488	20.858	371.52	-0.0036055	5.5070	0.040161	vapor
40.000	1.3402	0.40688	2.4577	0.51862	0.85237	67.726	12.487	20.856	373.85	-0.0058922	5.5499	0.040484	vapor
40.500	1.3402	0.40186	2.4884	0.52488	0.86280	67.985	12.487	20.854	376.16	-0.0081162	5.5926	0.040806	vapor
41.000	1.3402	0.39696	2.5191	0.53113	0.87323	68.241	12.487	20.852	378.46	-0.010280	5.6351	0.041126	vapor
41.500	1.3402	0.39218	2.5498	0.53739	0.88365	68.493	12.487	20.851	380.75	-0.012385	5.6773	0.041445	vapor
42.000	1.3402	0.38752	2.5805	0.54364	0.89408	68.743	12.486	20.849	383.02	-0.014434	5.7194	0.041764	vapor
42.500	1.3402	0.38296	2.6112	0.54990	0.90450	68.990	12.486	20.847	385.28	-0.016430	5.7612	0.042081	vapor
43.000	1.3402	0.37851	2.6419	0.55615	0.91493	69.234	12.486	20.846	387.52	-0.018373	5.8029	0.042397	vapor
43.500	1.3402	0.37416	2.6726	0.56241	0.92535	69.475	12.486	20.844	389.75	-0.020265	5.8443	0.042711	vapor
44.000	1.3402	0.36991	2.7033	0.56866	0.93577	69.713	12.486	20.843	391.97	-0.022109	5.8856	0.043025	vapor
44.500	1.3402	0.36576	2.7340	0.57492	0.94619	69.948	12.485	20.841	394.18	-0.023907	5.9267	0.043338	vapor
45.000	1.3402	0.36170	2.7647	0.58117	0.95661	70.181	12.485	20.840	396.37	-0.025658	5.9676	0.043650	vapor
45.500	1.3402	0.35773	2.7954	0.58742	0.96703	70.412	12.485	20.838	398.55	-0.027366	6.0083	0.043960	vapor
46.000	1.3402	0.35385	2.8261	0.59367	0.97745	70.639	12.485	20.837	400.72	-0.029032	6.0488	0.044270	vapor
46.500	1.3402	0.35005	2.8568	0.59992	0.98787	70.865	12.485	20.836	402.88	-0.030657	6.0892	0.044579	vapor
47.000	1.3402	0.34633	2.8874	0.60618	0.99829	71.087	12.485	20.835	405.02	-0.032242	6.1294	0.044887	vapor
47.500	1.3402	0.34269	2.9181	0.61243	1.0087	71.308	12.484	20.833	407.16	-0.033788	6.1694	0.045193	vapor
48.000	1.3402	0.33912	2.9488	0.61868	1.0191	71.526	12.484	20.832	409.28	-0.035298	6.2093	0.045499	vapor
48.500	1.3402	0.33563	2.9795	0.62493	1.0295	71.742	12.484	20.831	411.39	-0.036772	6.2490	0.045804	vapor
49.000	1.3402	0.33221	3.0101	0.63118	1.0400	71.956	12.484	20.830	413.49	-0.038211	6.2885	0.046108	vapor
49.500	1.3402	0.32886	3.0408	0.63743	1.0504	72.167	12.484	20.829	415.58	-0.039616	6.3279	0.046411	vapor
50.000	1.3402	0.32558	3.0715	0.64368	1.0608	72.376	12.484	20.828	417.66	-0.040988	6.3671	0.046713	vapor
50.500	1.3402	0.32236	3.1021	0.64993	1.0712	72.584	12.484	20.827	419.73	-0.042329	6.4062	0.047015	vapor
51.000	1.3402	0.31920	3.1328	0.65618	1.0816	72.789	12.483	20.826	421.79	-0.043639	6.4451	0.047315	vapor
51.500	1.3402	0.31611	3.1635	0.66242	1.0920	72.992	12.483	20.825	423.84	-0.044920	6.4839	0.047614	vapor
52.000	1.3402	0.31307	3.1941	0.66867	1.1024	73.193	12.483	20.824	425.88	-0.046171	6.5225	0.047913	vapor
52.500	1.3402	0.31010	3.2248	0.67492	1.1128	73.392	12.483	20.823	427.91	-0.047395	6.5610	0.048211	vapor
53.000	1.3402	0.30718	3.2554	0.68117	1.1233	73.590	12.483	20.823	429.93	-0.048591	6.5993	0.048508	vapor
53.500	1.3402	0.30431	3.2861	0.68742	1.1337	73.785	12.483	20.822	431.94	-0.049761	6.6376	0.048804	vapor
54.000	1.3402	0.30150	3.3168	0.69366	1.1441	73.979	12.483	20.821	433.94	-0.050905	6.6756	0.049100	vapor
54.500	1.3402	0.29874	3.3474	0.69991	1.1545	74.171	12.482	20.820	435.93	-0.052025	6.7136	0.049395	vapor
55.000	1.3402	0.29603	3.3781	0.70616	1.1649	74.361	12.482	20.819	437.91	-0.053120	6.7514	0.049688	vapor
55.500	1.3402	0.29336	3.4087	0.71240	1.1753	74.549	12.482	20.819	439.89	-0.054192	6.7891	0.049981	vapor
56.000	1.3402	0.29075	3.4394	0.71865	1.1857	74.736	12.482	20.818	441.85	-0.055240	6.8266	0.050274	vapor
56.500	1.3402	0.28818	3.4700	0.72490	1.1961	74.921	12.482	20.817	443.81	-0.056267	6.8640	0.050565	vapor
57.000	1.3402	0.28566	3.5007	0.73114	1.2065	75.105	12.482	20.817	445.75	-0.057272	6.9013	0.050856	vapor
57.500	1.3402	0.28318	3.5313	0.73739	1.2169	75.286	12.482	20.816	447.69	-0.058256	6.9385	0.051146	vapor
58.000	1.3402	0.28074	3.5620	0.74364	1.2273	75.467	12.482	20.815	449.62	-0.059219	6.9756	0.051436	vapor
58.500	1.3402	0.27835	3.5926	0.74988	1.2378	75.645	12.481	20.815	451.54	-0.060163	7.0125	0.051724	vapor
59.000	1.3402	0.27599	3.6233	0.75613	1.2482	75.822	12.481	20.814	453.46	-0.061087	7.0493	0.052012	vapor
59.500	1.3402	0.27368	3.6539	0.76237	1.2586	75.998	12.481	20.814	455.36	-0.061992	7.0860	0.052299	vapor
60.000	1.3402	0.27140	3.6846	0.76862	1.2690	76.172	12.481	20.813	457.26	-0.062879	7.1226	0.052586	vapor
60.500	1.3402	0.26916	3.7152	0.77486	1.2794	76.345	12.481	20.812	459.15	-0.063749	7.1591	0.052872	vapor
61.000	1.3402	0.26696	3.7459	0.78111	1.2898	76.516	12.481	20.812	461.03	-0.064600	7.1955	0.053157	vapor
61.500	1.3402	0.26480	3.7765	0.78735	1.3002	76.686	12.481	20.811	462.91	-0.065435	7.2318	0.053441	vapor
62.000	1.3402	0.26266	3.8071	0.79360	1.3106	76.855	12.481	20.811	464.77	-0.066253	7.2679	0.053725	vapor
62.500	1.3402	0.26057	3.8378	0.79984	1.3210	77.022	12.481	20.810	466.63	-0.067055	7.3040	0.054008	vapor
63.000	1.3402	0.25850	3.8684	0.80608	1.3314	77.188	12.481	20.810	468.48	-0.067842	7.3399	0.054291	vapor
63.500	1.3402	0.25647	3.8991	0.81233	1.3418	77.352	12.480	20.809	470.33	-0.068613	7.3758	0.054573	vapor
64.000	1.3402	0.25447	3.9297	0.81857	1.3522	77.515	12.480	20.809	472.17	-0.069369	7.4115	0.054854	vapor
64.500	1.3402	0.25250	3.9603	0.82482	1.3626	77.677	12.480	20.809	474.00	-0.070111	7.4471	0.055135	vapor
65.000	1.3402	0.25056	3.9910	0.83106	1.3730	77.838	12.480	20.808	475.82	-0.070838	7.4827	0.055415	vapor
65.500	1.3402	0.24866	4.0216	0.83730	1.3834	77.997	12.480	20.808	477.63	-0.071552	7.5181	0.055694	vapor
66.000	1.3402	0.24678	4.0523	0.84355	1.3938	78.156	12.480	20.807	479.44	-0.072252	7.5535	0.055973	vapor
66.500	1.3402	0.24492	4.0829	0.84979	1.4042	78.313	12.480	20.807	481.25	-0.072939	7.5887	0.056251	vapor
67.000	1.3402	0.24310	4.1135	0.85603	1.4146	78.469	12.480	20.806	483.04	-0.073613	7.6239	0.056528	vapor
67.500	1.3402	0.24130	4.1442	0.86227	1.4250	78.623	12.480	20.806	484.83	-0.074275	7.6589	0.056805	vapor
68.000	1.3402	0.23953	4.1748	0.86852	1.4355	78.777	12.480	20.806	486.61	-0.074924	7.6939	0.057081	vapor
68.500	1.3402	0.23779	4.2054	0.87476	1.4459	78.929	12.480	20.805	488.39	-0.075561	7.7288	0.057357	vapor
69.000	1.3402	0.23607	4.2361	0.88100	1.4563	79.081	12.480	20.805	490.16	-0.076187	7.7636	0.057632	vapor
69.500	1.3402	0.23437	4.2667	0.88725	1.4667	79.231	12.479	20.805	491.92	-0.076801	7.7983	0.057907	vapor
70.000	1.3402	0.23270	4.2973	0.89349	1.4771	79.380	12.479	20.804	493.68	-0.077404	7.8329	0.058181	vapor
70.500	1.3402	0.23106	4.3280	0.89973	1.4875	79.528	12.479	20.804	495.43	-0.077996	7.8674	0.058454	vapor
71.000	1.3402	0.22943	4.3586	0.90597	1.4979	79.675	12.479	20.804	497.17	-0.078577	7.9019	0.058727	vapor
71.500	1.3402	0.22783	4.3892	0.91221	1.5083	79.821	12.479	20.803	498.91	-0.079148	7.9362	0.059000	vapor
72.000	1.3402	0.22625	4.4199	0.91846	1.5187	79.966	12.479	20.803	500.64	-0.079709	7.9705	0.059271	vapor
72.500	1.3402	0.22469	4.4505	0.92470	1.5291	80.110	12.479	20.803	502.37	-0.080260	8.0047	0.059543	vapor
73.000	1.3402	0.22316	4.4811	0.93094	1.5395	80.253	12.479	20.802	504.09	-0.080801	8.0388	0.059813	vapor
73.500	1.3402	0.22164	4.5117	0.93718	1.5499	80.395	12.479	20.802	505.80	-0.081332	8.0729	0.060084	vapor
74.000	1.3402	0.22015	4.5424	0.94342	1.5603	80.536	12.479	20.802	507.51	-0.081854	8.1068	0.060353	vapor
74.500	1.3402	0.21867	4.5730	0.94966	1.5707	80.676	12.479	20.802	509.21	-0.082368	8.1407	0.060622	vapor
75.000	1.3402	0.21722	4.6036	0.95591	1.5811	80.815	12.479	20.801	510.91	-0.082872	8.1745	0.060891	vapor
75.500	1.3402	0.21578	4.6343	0.96215	1.5915	80.953	12.479	20.801	512.60	-0.083367	8.2082	0.061159	vapor
76.000	1.3402	0.21437	4.6649	0.96839	1.6019	81.091	12.479	20.801	514.28	-0.083854	8.2419	0.061427	vapor
76.500	1.3402	0.21297	4.6955	0.97463	1.6123	81.227	12.478	20.800	515.96	-0.084333	8.2754	0.061694	vapor
77.000	1.3402	0.21159	4.7261	0.98087	1.6227	81.363	12.478	20.800	517.64	-0.084803	8.3089	0.061960	vapor
77.500	1.3402	0.21023	4.7568	0.98711	1.6331	81.497	12.478	20.800	519.31	-0.085266	8.3424	0.062226	vapor
78.000	1.3402	0.20888	4.7874	0.99335	1.6435	81.631	12.478	20.800	520.97	-0.085720	8.3757	0.062492	vapor
78.500	1.3402	0.20755	4.8180	0.99959	1.6539	81.764	12.478	20.800	522.63	-0.086167	8.4090	0.062757	vapor
79.000	1.3402	0.20624	4.8486	1.0058	1.6643	81.896	12.478	20.799	524.28	-0.086607	8.4422	0.063022	vapor
79.500	1.3402	0.20495	4.8793	1.0121	1.6747	82.027	12.478	20.799	525.93	-0.087039	8.4754	0.063286	vapor
80.000	1.3402	0.20367	4.9099	1.0183	1.6851	82.158	12.478	20.799	527.58	-0.087464	8.5084	0.063549	vapor
80.500	1.3402	0.20241	4.9405	1.0246	1.6955	82.287	12.478	20.799	529.21	-0.087882	8.5415	0.063813	vapor
81.000	1.3402	0.20116	4.9711	1.0308	1.7059	82.416	12.478	20.798	530.85	-0.088292	8.5744	0.064075	vapor
81.500	1.3402	0.19993	5.0018	1.0370	1.7163	82.544	12.478	20.798	532.47	-0.088697	8.6073	0.064338	vapor
82.000	1.3402	0.19871	5.0324	1.0433	1.7267	82.671	12.478	20.798	534.10	-0.089094	8.6401	0.064599	vapor
82.500	1.3402	0.19751	5.0630	1.0495	1.7371	82.798	12.478	20.798	535.71	-0.089485	8.6728	0.064861	vapor
83.000	1.3402	0.19632	5.0936	1.0558	1.7475	82.923	12.478	20.798	537.33	-0.089870	8.7055	0.065122	vapor
83.500	1.3402	0.19515	5.1243	1.0620	1.7579	83.048	12.478	20.797	538.94	-0.090248	8.7381	0.065382	vapor
84.000	1.3402	0.19399	5.1549	1.0682	1.7683	83.172	12.478	20.797	540.54	-0.090620	8.7707	0.065642	vapor
84.500	1.3402	0.19285	5.1855	1.0745	1.7787	83.296	12.478	20.797	542.14	-0.090987	8.8031	0.065902	vapor
85.000	1.3402	0.19171	5.2161	1.0807	1.7891	83.418	12.478	20.797	543.73	-0.091347	8.8356	0.066161	vapor
85.500	1.3402	0.19059	5.2467	1.0870	1.7995	83.540	12.477	20.797	545.32	-0.091702	8.8679	0.066419	vapor
86.000	1.3402	0.18949	5.2774	1.0932	1.8099	83.662	12.477	20.796	546.91	-0.092051	8.9002	0.066677	vapor
86.500	1.3402	0.18840	5.3080	1.0994	1.8203	83.782	12.477	20.796	548.49	-0.092394	8.9325	0.066935	vapor
87.000	1.3402	0.18731	5.3386	1.1057	1.8307	83.902	12.477	20.796	550.06	-0.092732	8.9647	0.067193	vapor
87.500	1.3402	0.18625	5.3692	1.1119	1.8411	84.021	12.477	20.796	551.63	-0.093065	8.9968	0.067450	vapor
88.000	1.3402	0.18519	5.3999	1.1182	1.8515	84.140	12.477	20.796	553.20	-0.093392	9.0289	0.067706	vapor
88.500	1.3402	0.18415	5.4305	1.1244	1.8618	84.258	12.477	20.796	554.76	-0.093714	9.0609	0.067962	vapor
89.000	1.3402	0.18311	5.4611	1.1306	1.8722	84.375	12.477	20.796	556.32	-0.094031	9.0928	0.068218	vapor
89.500	1.3402	0.18209	5.4917	1.1369	1.8826	84.491	12.477	20.795	557.87	-0.094344	9.1247	0.068473	vapor
90.000	1.3402	0.18108	5.5223	1.1431	1.8930	84.607	12.477	20.795	559.42	-0.094651	9.1566	0.068728	vapor
90.500	1.3402	0.18008	5.5530	1.1494	1.9034	84.722	12.477	20.795	560.97	-0.094954	9.1883	0.068982	vapor
91.000	1.3402	0.17910	5.5836	1.1556	1.9138	84.837	12.477	20.795	562.51	-0.095252	9.2201	0.069236	vapor
91.500	1.3402	0.17812	5.6142	1.1618	1.9242	84.951	12.477	20.795	564.04	-0.095545	9.2517	0.069490	vapor
92.000	1.3402	0.17715	5.6448	1.1681	1.9346	85.064	12.477	20.795	565.57	-0.095834	9.2834	0.069743	vapor
92.500	1.3402	0.17620	5.6754	1.1743	1.9450	85.177	12.477	20.795	567.10	-0.096118	9.3149	0.069996	vapor
93.000	1.3402	0.17525	5.7060	1.1806	1.9554	85.289	12.477	20.794	568.63	-0.096398	9.3464	0.070249	vapor
93.500	1.3402	0.17432	5.7367	1.1868	1.9658	85.400	12.477	20.794	570.15	-0.096674	9.3779	0.070501	vapor
94.000	1.3402	0.17339	5.7673	1.1930	1.9762	85.511	12.477	20.794	571.66	-0.096945	9.4093	0.070752	vapor
94.500	1.3402	0.17248	5.7979	1.1993	1.9866	85.622	12.477	20.794	573.17	-0.097213	9.4407	0.071004	vapor
95.000	1.3402	0.17157	5.8285	1.2055	1.9970	85.731	12.477	20.794	574.68	-0.097476	9.4720	0.071254	vapor
95.500	1.3402	0.17067	5.8591	1.2117	2.0074	85.841	12.477	20.794	576.18	-0.097736	9.5033	0.071505	vapor
96.000	1.3402	0.16979	5.8898	1.2180	2.0178	85.949	12.477	20.794	577.68	-0.097991	9.5345	0.071755	vapor
96.500	1.3402	0.16891	5.9204	1.2242	2.0282	86.057	12.477	20.793	579.18	-0.098243	9.5656	0.072005	vapor
97.000	1.3402	0.16804	5.9510	1.2305	2.0386	86.165	12.477	20.793	580.67	-0.098491	9.5967	0.072254	vapor
97.500	1.3402	0.16718	5.9816	1.2367	2.0490	86.271	12.476	20.793	582.16	-0.098735	9.6278	0.072503	vapor
98.000	1.3402	0.16633	6.0122	1.2429	2.0594	86.378	12.476	20.793	583.64	-0.098976	9.6588	0.072752	vapor
98.500	1.3402	0.16549	6.0428	1.2492	2.0698	86.484	12.476	20.793	585.13	-0.099213	9.6898	0.073000	vapor
99.000	1.3402	0.16465	6.0735	1.2554	2.0802	86.589	12.476	20.793	586.60	-0.099446	9.7207	0.073248	vapor
99.500	1.3402	0.16382	6.1041	1.2617	2.0906	86.694	12.476	20.793	588.08	-0.099676	9.7516	0.073496	vapor
100.00	1.3402	0.16301	6.1347	1.2679	2.1010	86.798	12.476	20.793	589.55	-0.099903	9.7824	0.073743	vapor
100.50	1.3402	0.16220	6.1653	1.2741	2.1114	86.902	12.476	20.793	591.01	-0.10013	9.8034	0.073990	vapor
101.00	1.3402	0.16140	6.1959	1.2804	2.1218	87.005	12.476	20.793	592.47	-0.10035	9.8243	0.074236	vapor
101.50	1.3402	0.16060	6.2265	1.2866	2.1322	87.107	12.476	20.792	593.93	-0.10056	9.8453	0.074483	vapor
102.00	1.3402	0.15982	6.2572	1.2929	2.1426	87.210	12.476	20.792	595.39	-0.10078	9.8663	0.074728	vapor
102.50	1.3402	0.15904	6.2878	1.2991	2.1530	87.311	12.476	20.792	596.84	-0.10099	9.8872	0.074974	vapor
103.00	1.3402	0.15827	6.3184	1.3053	2.1634	87.413	12.476	20.792	598.29	-0.10119	9.9081	0.075219	vapor
103.50	1.3402	0.15751	6.3490	1.3116	2.1738	87.513	12.476	20.792	599.73	-0.10140	9.9291	0.075464	vapor
104.00	1.3402	0.15675	6.3796	1.3178	2.1842	87.613	12.476	20.792	601.17	-0.10160	9.9500	0.075708	vapor
104.50	1.3402	0.15600	6.4102	1.3240	2.1945	87.713	12.476	20.792	602.61	-0.10180	9.9709	0.075952	vapor
105.00	1.3402	0.15526	6.4409	1.3303	2.2049	87.812	12.476	20.792	604.04	-0.10199	9.9918	0.076196	vapor
105.50	1.3402	0.15452	6.4715	1.3365	2.2153	87.911	12.476	20.792	605.48	-0.10219	10.013	0.076439	vapor
106.00	1.3402	0.15380	6.5021	1.3428	2.2257	88.009	12.476	20.792	606.90	-0.10238	10.034	0.076683	vapor
106.50	1.3402	0.15308	6.5327	1.3490	2.2361	88.107	12.476	20.792	608.33	-0.10256	10.055	0.076925	vapor
107.00	1.3402	0.15236	6.5633	1.3552	2.2465	88.205	12.476	20.791	609.75	-0.10275	10.075	0.077168	vapor
107.50	1.3402	0.15165	6.5939	1.3615	2.2569	88.302	12.476	20.791	611.16	-0.10293	10.096	0.077410	vapor
108.00	1.3402	0.15095	6.6245	1.3677	2.2673	88.398	12.476	20.791	612.58	-0.10311	10.117	0.077652	vapor
108.50	1.3402	0.15026	6.6552	1.3740	2.2777	88.494	12.476	20.791	613.99	-0.10329	10.138	0.077893	vapor
109.00	1.3402	0.14957	6.6858	1.3802	2.2881	88.590	12.476	20.791	615.40	-0.10346	10.159	0.078134	vapor
109.50	1.3402	0.14889	6.7164	1.3864	2.2985	88.685	12.476	20.791	616.80	-0.10363	10.180	0.078375	vapor
110.00	1.3402	0.14821	6.7470	1.3927	2.3089	88.780	12.476	20.791	618.20	-0.10380	10.200	0.078616	vapor
110.50	1.3402	0.14754	6.7776	1.3989	2.3193	88.874	12.476	20.791	619.60	-0.10397	10.231	0.078856	vapor
111.00	1.3402	0.14688	6.8082	1.4051	2.3297	88.968	12.476	20.791	621.00	-0.10413	10.261	0.079096	vapor
111.50	1.3402	0.14622	6.8388	1.4114	2.3401	89.061	12.476	20.791	622.39	-0.10430	10.291	0.079335	vapor
112.00	1.3402	0.14557	6.8695	1.4176	2.3505	89.154	12.476	20.791	623.78	-0.10446	10.321	0.079575	vapor
112.50	1.3402	0.14493	6.9001	1.4239	2.3609	89.247	12.476	20.791	625.16	-0.10461	10.351	0.079814	vapor
113.00	1.3402	0.14429	6.9307	1.4301	2.3713	89.339	12.476	20.791	626.54	-0.10477	10.381	0.080052	vapor
113.50	1.3402	0.14365	6.9613	1.4363	2.3817	89.431	12.476	20.790	627.92	-0.10492	10.411	0.080291	vapor
114.00	1.3402	0.14302	6.9919	1.4426	2.3921	89.522	12.475	20.790	629.30	-0.10507	10.441	0.080529	vapor
114.50	1.3402	0.14240	7.0225	1.4488	2.4025	89.613	12.475	20.790	630.67	-0.10522	10.471	0.080766	vapor
115.00	1.3402	0.14178	7.0531	1.4550	2.4129	89.704	12.475	20.790	632.04	-0.10537	10.501	0.081004	vapor
115.50	1.3402	0.14117	7.0838	1.4613	2.4232	89.794	12.475	20.790	633.41	-0.10552	10.531	0.081241	vapor
116.00	1.3402	0.14056	7.1144	1.4675	2.4336	89.884	12.475	20.790	634.78	-0.10566	10.561	0.081478	vapor
116.50	1.3402	0.13996	7.1450	1.4738	2.4440	89.973	12.475	20.790	636.14	-0.10580	10.590	0.081714	vapor
117.00	1.3402	0.13936	7.1756	1.4800	2.4544	90.062	12.475	20.790	637.50	-0.10594	10.620	0.081951	vapor
117.50	1.3402	0.13877	7.2062	1.4862	2.4648	90.151	12.475	20.790	638.85	-0.10607	10.650	0.082187	vapor
118.00	1.3402	0.13818	7.2368	1.4925	2.4752	90.239	12.475	20.790	640.21	-0.10621	10.680	0.082422	vapor
118.50	1.3402	0.13760	7.2674	1.4987	2.4856	90.327	12.475	20.790	641.56	-0.10634	10.709	0.082658	vapor
119.00	1.3402	0.13702	7.2980	1.5049	2.4960	90.415	12.475	20.790	642.90	-0.10647	10.739	0.082893	vapor
119.50	1.3402	0.13645	7.3287	1.5112	2.5064	90.502	12.475	20.790	644.25	-0.10660	10.768	0.083128	vapor
120.00	1.3402	0.13588	7.3593	1.5174	2.5168	90.589	12.475	20.790	645.59	-0.10673	10.798	0.083362	vapor
120.50	1.3402	0.13532	7.3899	1.5237	2.5272	90.675	12.475	20.790	646.93	-0.10686	10.827	0.083596	vapor
121.00	1.3402	0.13476	7.4205	1.5299	2.5376	90.761	12.475	20.790	648.26	-0.10698	10.856	0.083830	vapor
121.50	1.3402	0.13421	7.4511	1.5361	2.5480	90.847	12.475	20.790	649.60	-0.10710	10.886	0.084064	vapor
122.00	1.3402	0.13366	7.4817	1.5424	2.5584	90.932	12.475	20.789	650.93	-0.10722	10.915	0.084297	vapor
122.50	1.3402	0.13311	7.5123	1.5486	2.5688	91.017	12.475	20.789	652.26	-0.10734	10.944	0.084531	vapor
123.00	1.3402	0.13257	7.5429	1.5548	2.5792	91.102	12.475	20.789	653.58	-0.10746	10.974	0.084763	vapor
123.50	1.3402	0.13204	7.5736	1.5611	2.5896	91.186	12.475	20.789	654.90	-0.10758	11.003	0.084996	vapor
124.00	1.3402	0.13151	7.6042	1.5673	2.6000	91.270	12.475	20.789	656.22	-0.10769	11.032	0.085228	vapor
124.50	1.3402	0.13098	7.6348	1.5736	2.6104	91.354	12.475	20.789	657.54	-0.10780	11.061	0.085460	vapor
125.00	1.3402	0.13046	7.6654	1.5798	2.6208	91.437	12.475	20.789	658.86	-0.10792	11.090	0.085692	vapor
125.50	1.3402	0.12994	7.6960	1.5860	2.6311	91.520	12.475	20.789	660.17	-0.10802	11.119	0.085924	vapor
126.00	1.3402	0.12942	7.7266	1.5923	2.6415	91.603	12.475	20.789	661.48	-0.10813	11.149	0.086155	vapor
126.50	1.3402	0.12891	7.7572	1.5985	2.6519	91.685	12.475	20.789	662.78	-0.10824	11.178	0.086386	vapor
127.00	1.3402	0.12841	7.7878	1.6047	2.6623	91.767	12.475	20.789	664.09	-0.10834	11.206	0.086617	vapor
127.50	1.3402	0.12790	7.8185	1.6110	2.6727	91.849	12.475	20.789	665.39	-0.10845	11.235	0.086847	vapor
128.00	1.3402	0.12740	7.8491	1.6172	2.6831	91.930	12.475	20.789	666.69	-0.10855	11.264	0.087077	vapor
128.50	1.3402	0.12691	7.8797	1.6235	2.6935	92.011	12.475	20.789	667.98	-0.10865	11.293	0.087307	vapor
129.00	1.3402	0.12642	7.9103	1.6297	2.7039	92.092	12.475	20.789	669.28	-0.10875	11.322	0.087537	vapor
129.50	1.3402	0.12593	7.9409	1.6359	2.7143	92.172	12.475	20.789	670.57	-0.10885	11.351	0.087767	vapor
130.00	1.3402	0.12545	7.9715	1.6422	2.7247	92.253	12.475	20.789	671.86	-0.10895	11.380	0.087996	vapor
130.50	1.3402	0.12497	8.0021	1.6484	2.7351	92.332	12.475	20.789	673.15	-0.10904	11.408	0.088225	vapor
131.00	1.3402	0.12449	8.0327	1.6546	2.7455	92.412	12.475	20.789	674.43	-0.10913	11.437	0.088453	vapor
131.50	1.3402	0.12402	8.0634	1.6609	2.7559	92.491	12.475	20.789	675.71	-0.10923	11.466	0.088682	vapor
132.00	1.3402	0.12355	8.0940	1.6671	2.7663	92.570	12.475	20.789	676.99	-0.10932	11.494	0.088910	vapor
132.50	1.3402	0.12308	8.1246	1.6734	2.7767	92.649	12.475	20.789	678.27	-0.10941	11.523	0.089138	vapor
133.00	1.3402	0.12262	8.1552	1.6796	2.7871	92.727	12.475	20.789	679.54	-0.10950	11.551	0.089365	vapor
133.50	1.3402	0.12216	8.1858	1.6858	2.7975	92.805	12.475	20.788	680.81	-0.10959	11.580	0.089593	vapor
134.00	1.3402	0.12171	8.2164	1.6921	2.8078	92.883	12.475	20.788	682.08	-0.10967	11.609	0.089820	vapor
134.50	1.3402	0.12126	8.2470	1.6983	2.8182	92.960	12.475	20.788	683.35	-0.10976	11.637	0.090047	vapor
135.00	1.3402	0.12081	8.2776	1.7045	2.8286	93.037	12.475	20.788	684.62	-0.10984	11.665	0.090274	vapor
135.50	1.3402	0.12036	8.3082	1.7108	2.8390	93.114	12.475	20.788	685.88	-0.10992	11.694	0.090500	vapor
136.00	1.3402	0.11992	8.3389	1.7170	2.8494	93.191	12.475	20.788	687.14	-0.11001	11.722	0.090726	vapor
136.50	1.3402	0.11948	8.3695	1.7233	2.8598	93.267	12.475	20.788	688.40	-0.11009	11.751	0.090952	vapor
137.00	1.3402	0.11905	8.4001	1.7295	2.8702	93.343	12.475	20.788	689.65	-0.11017	11.779	0.091178	vapor
137.50	1.3402	0.11861	8.4307	1.7357	2.8806	93.419	12.475	20.788	690.91	-0.11025	11.807	0.091404	vapor
138.00	1.3402	0.11819	8.4613	1.7420	2.8910	93.494	12.475	20.788	692.16	-0.11032	11.835	0.091629	vapor
138.50	1.3402	0.11776	8.4919	1.7482	2.9014	93.569	12.475	20.788	693.41	-0.11040	11.864	0.091854	vapor
139.00	1.3402	0.11734	8.5225	1.7544	2.9118	93.644	12.474	20.788	694.65	-0.11047	11.892	0.092079	vapor
139.50	1.3402	0.11692	8.5531	1.7607	2.9222	93.719	12.474	20.788	695.90	-0.11055	11.920	0.092303	vapor
140.00	1.3402	0.11650	8.5838	1.7669	2.9326	93.793	12.474	20.788	697.14	-0.11062	11.948	0.092527	vapor
140.50	1.3402	0.11609	8.6144	1.7732	2.9430	93.867	12.474	20.788	698.38	-0.11069	11.976	0.092752	vapor
141.00	1.3402	0.11567	8.6450	1.7794	2.9534	93.941	12.474	20.788	699.62	-0.11077	12.004	0.092975	vapor
141.50	1.3402	0.11527	8.6756	1.7856	2.9638	94.015	12.474	20.788	700.85	-0.11084	12.032	0.093199	vapor
142.00	1.3402	0.11486	8.7062	1.7919	2.9742	94.088	12.474	20.788	702.09	-0.11090	12.060	0.093422	vapor
142.50	1.3402	0.11446	8.7368	1.7981	2.9845	94.161	12.474	20.788	703.32	-0.11097	12.088	0.093646	vapor
143.00	1.3402	0.11406	8.7674	1.8043	2.9949	94.234	12.474	20.788	704.55	-0.11104	12.116	0.093869	vapor
143.50	1.3402	0.11366	8.7980	1.8106	3.0053	94.306	12.474	20.788	705.78	-0.11111	12.144	0.094091	vapor
144.00	1.3402	0.11327	8.8286	1.8168	3.0157	94.379	12.474	20.788	707.00	-0.11117	12.172	0.094314	vapor
144.50	1.3402	0.11288	8.8593	1.8230	3.0261	94.451	12.474	20.788	708.22	-0.11124	12.200	0.094536	vapor
145.00	1.3402	0.11249	8.8899	1.8293	3.0365	94.523	12.474	20.788	709.44	-0.11130	12.228	0.094758	vapor
145.50	1.3402	0.11210	8.9205	1.8355	3.0469	94.594	12.474	20.788	710.66	-0.11136	12.256	0.094980	vapor
146.00	1.3402	0.11172	8.9511	1.8418	3.0573	94.666	12.474	20.788	711.88	-0.11142	12.283	0.095201	vapor
146.50	1.3402	0.11134	8.9817	1.8480	3.0677	94.737	12.474	20.788	713.09	-0.11149	12.311	0.095423	vapor
147.00	1.3402	0.11096	9.0123	1.8542	3.0781	94.807	12.474	20.788	714.31	-0.11155	12.339	0.095644	vapor
147.50	1.3402	0.11058	9.0429	1.8605	3.0885	94.878	12.474	20.788	715.52	-0.11161	12.367	0.095865	vapor
148.00	1.3402	0.11021	9.0735	1.8667	3.0989	94.948	12.474	20.788	716.72	-0.11166	12.394	0.096086	vapor
148.50	1.3402	0.10984	9.1041	1.8729	3.1093	95.018	12.474	20.788	717.93	-0.11172	12.422	0.096306	vapor
149.00	1.3402	0.10947	9.1347	1.8792	3.1197	95.088	12.474	20.788	719.13	-0.11178	12.450	0.096527	vapor
149.50	1.3402	0.10911	9.1654	1.8854	3.1301	95.158	12.474	20.787	720.34	-0.11183	12.477	0.096747	vapor
150.00	1.3402	0.10874	9.1960	1.8917	3.1405	95.227	12.474	20.787	721.54	-0.11189	12.505	0.096967	vapor
150.50	1.3402	0.10838	9.2266	1.8979	3.1508	95.297	12.474	20.787	722.74	-0.11194	12.532	0.097186	vapor
151.00	1.3402	0.10802	9.2572	1.9041	3.1612	95.366	12.474	20.787	723.93	-0.11200	12.560	0.097406	vapor
151.50	1.3402	0.10767	9.2878	1.9104	3.1716	95.434	12.474	20.787	725.13	-0.11205	12.587	0.097625	vapor
152.00	1.3402	0.10731	9.3184	1.9166	3.1820	95.503	12.474	20.787	726.32	-0.11210	12.615	0.097844	vapor
152.50	1.3402	0.10696	9.3490	1.9228	3.1924	95.571	12.474	20.787	727.51	-0.11215	12.642	0.098063	vapor
153.00	1.3402	0.10661	9.3796	1.9291	3.2028	95.639	12.474	20.787	728.70	-0.11220	12.670	0.098281	vapor
153.50	1.3402	0.10627	9.4102	1.9353	3.2132	95.707	12.474	20.787	729.88	-0.11225	12.697	0.098500	vapor
154.00	1.3402	0.10592	9.4409	1.9415	3.2236	95.774	12.474	20.787	731.07	-0.11230	12.724	0.098718	vapor
154.50	1.3402	0.10558	9.4715	1.9478	3.2340	95.842	12.474	20.787	732.25	-0.11235	12.752	0.098936	vapor
155.00	1.3402	0.10524	9.5021	1.9540	3.2444	95.909	12.474	20.787	733.43	-0.11240	12.779	0.099154	vapor
155.50	1.3402	0.10490	9.5327	1.9603	3.2548	95.976	12.474	20.787	734.61	-0.11245	12.806	0.099371	vapor
156.00	1.3402	0.10457	9.5633	1.9665	3.2652	96.043	12.474	20.787	735.79	-0.11249	12.834	0.099589	vapor
156.50	1.3402	0.10423	9.5939	1.9727	3.2756	96.109	12.474	20.787	736.96	-0.11254	12.861	0.099806	vapor
157.00	1.3402	0.10390	9.6245	1.9790	3.2860	96.176	12.474	20.787	738.13	-0.11258	12.888	0.10002	vapor
157.50	1.3402	0.10357	9.6551	1.9852	3.2964	96.242	12.474	20.787	739.31	-0.11263	12.915	0.10024	vapor
158.00	1.3402	0.10324	9.6857	1.9914	3.3068	96.307	12.474	20.787	740.48	-0.11267	12.942	0.10046	vapor
158.50	1.3402	0.10292	9.7164	1.9977	3.3171	96.373	12.474	20.787	741.64	-0.11271	12.970	0.10067	vapor
159.00	1.3402	0.10260	9.7470	2.0039	3.3275	96.439	12.474	20.787	742.81	-0.11276	12.997	0.10089	vapor
159.50	1.3402	0.10227	9.7776	2.0102	3.3379	96.504	12.474	20.787	743.97	-0.11280	13.024	0.10110	vapor
160.00	1.3402	0.10196	9.8082	2.0164	3.3483	96.569	12.474	20.787	745.13	-0.11284	13.051	0.10132	vapor
160.50	1.3402	0.10164	9.8388	2.0226	3.3587	96.634	12.474	20.787	746.30	-0.11288	13.078	0.10154	vapor
161.00	1.3402	0.10132	9.8694	2.0289	3.3691	96.698	12.474	20.787	747.45	-0.11292	13.105	0.10175	vapor
161.50	1.3402	0.10101	9.9000	2.0351	3.3795	96.763	12.474	20.787	748.61	-0.11296	13.132	0.10197	vapor
162.00	1.3402	0.10070	9.9306	2.0413	3.3899	96.827	12.474	20.787	749.77	-0.11300	13.159	0.10218	vapor
162.50	1.3402	0.10039	9.9612	2.0476	3.4003	96.891	12.474	20.787	750.92	-0.11304	13.186	0.10240	vapor
163.00	1.3402	0.10008	9.9918	2.0538	3.4107	96.955	12.474	20.787	752.07	-0.11307	13.213	0.10261	vapor
163.50	1.3402	0.099776	10.022	2.0600	3.4211	97.019	12.474	20.787	753.22	-0.11311	13.240	0.10283	vapor
164.00	1.3402	0.099472	10.053	2.0663	3.4315	97.082	12.474	20.787	754.37	-0.11315	13.266	0.10304	vapor
164.50	1.3402	0.099170	10.084	2.0725	3.4419	97.146	12.474	20.787	755.51	-0.11318	13.293	0.10325	vapor
165.00	1.3402	0.098870	10.114	2.0788	3.4523	97.209	12.474	20.787	756.66	-0.11322	13.320	0.10347	vapor
165.50	1.3402	0.098572	10.145	2.0850	3.4627	97.272	12.474	20.787	757.80	-0.11325	13.347	0.10368	vapor
166.00	1.3402	0.098275	10.176	2.0912	3.4730	97.334	12.474	20.787	758.94	-0.11329	13.374	0.10390	vapor
166.50	1.3402	0.097980	10.206	2.0975	3.4834	97.397	12.474	20.787	760.08	-0.11332	13.400	0.10411	vapor
167.00	1.3402	0.097687	10.237	2.1037	3.4938	97.459	12.474	20.787	761.22	-0.11335	13.427	0.10432	vapor
167.50	1.3402	0.097396	10.267	2.1099	3.5042	97.521	12.474	20.787	762.35	-0.11339	13.454	0.10453	vapor
168.00	1.3402	0.097107	10.298	2.1162	3.5146	97.583	12.474	20.787	763.49	-0.11342	13.480	0.10475	vapor
168.50	1.3402	0.096819	10.329	2.1224	3.5250	97.645	12.474	20.787	764.62	-0.11345	13.507	0.10496	vapor
169.00	1.3402	0.096533	10.359	2.1286	3.5354	97.707	12.474	20.787	765.75	-0.11348	13.534	0.10517	vapor
169.50	1.3402	0.096248	10.390	2.1349	3.5458	97.768	12.474	20.787	766.88	-0.11351	13.560	0.10538	vapor
170.00	1.3402	0.095966	10.420	2.1411	3.5562	97.829	12.474	20.787	768.01	-0.11354	13.587	0.10560	vapor
170.50	1.3402	0.095685	10.451	2.1474	3.5666	97.890	12.474	20.787	769.13	-0.11357	13.614	0.10581	vapor
171.00	1.3402	0.095405	10.482	2.1536	3.5770	97.951	12.474	20.787	770.26	-0.11360	13.640	0.10602	vapor
171.50	1.3402	0.095127	10.512	2.1598	3.5874	98.012	12.474	20.787	771.38	-0.11363	13.667	0.10623	vapor
172.00	1.3402	0.094851	10.543	2.1661	3.5978	98.072	12.474	20.787	772.50	-0.11366	13.693	0.10644	vapor
172.50	1.3402	0.094577	10.573	2.1723	3.6082	98.133	12.474	20.787	773.62	-0.11368	13.720	0.10665	vapor
173.00	1.3402	0.094304	10.604	2.1785	3.6186	98.193	12.474	20.787	774.74	-0.11371	13.746	0.10687	vapor
173.50	1.3402	0.094032	10.635	2.1848	3.6289	98.253	12.474	20.787	775.85	-0.11374	13.773	0.10708	vapor
174.00	1.3402	0.093762	10.665	2.1910	3.6393	98.313	12.474	20.787	776.97	-0.11376	13.799	0.10729	vapor
174.50	1.3402	0.093494	10.696	2.1972	3.6497	98.372	12.474	20.787	778.08	-0.11379	13.825	0.10750	vapor
175.00	1.3402	0.093227	10.726	2.2035	3.6601	98.432	12.474	20.787	779.19	-0.11382	13.852	0.10771	vapor
175.50	1.3402	0.092962	10.757	2.2097	3.6705	98.491	12.474	20.787	780.30	-0.11384	13.878	0.10792	vapor
176.00	1.3402	0.092698	10.788	2.2160	3.6809	98.550	12.474	20.787	781.41	-0.11387	13.904	0.10813	vapor
176.50	1.3402	0.092436	10.818	2.2222	3.6913	98.609	12.474	20.787	782.52	-0.11389	13.931	0.10834	vapor
177.00	1.3402	0.092175	10.849	2.2284	3.7017	98.668	12.474	20.786	783.62	-0.11391	13.957	0.10855	vapor
177.50	1.3402	0.091916	10.880	2.2347	3.7121	98.727	12.474	20.786	784.73	-0.11394	13.983	0.10876	vapor
178.00	1.3402	0.091658	10.910	2.2409	3.7225	98.785	12.474	20.786	785.83	-0.11396	14.010	0.10897	vapor
178.50	1.3402	0.091401	10.941	2.2471	3.7329	98.843	12.474	20.786	786.93	-0.11398	14.036	0.10917	vapor
179.00	1.3402	0.091146	10.971	2.2534	3.7433	98.901	12.474	20.786	788.03	-0.11400	14.062	0.10938	vapor
179.50	1.3402	0.090893	11.002	2.2596	3.7537	98.959	12.474	20.786	789.12	-0.11403	14.088	0.10959	vapor
180.00	1.3402	0.090641	11.033	2.2658	3.7641	99.017	12.474	20.786	790.22	-0.11405	14.114	0.10980	vapor
180.50	1.3402	0.090390	11.063	2.2721	3.7745	99.075	12.474	20.786	791.31	-0.11407	14.140	0.11001	vapor
181.00	1.3402	0.090140	11.094	2.2783	3.7848	99.132	12.474	20.786	792.41	-0.11409	14.167	0.11022	vapor
181.50	1.3402	0.089892	11.124	2.2846	3.7952	99.190	12.474	20.786	793.50	-0.11411	14.193	0.11043	vapor
182.00	1.3402	0.089646	11.155	2.2908	3.8056	99.247	12.474	20.786	794.59	-0.11413	14.219	0.11063	vapor
182.50	1.3402	0.089400	11.186	2.2970	3.8160	99.304	12.473	20.786	795.68	-0.11415	14.245	0.11084	vapor
183.00	1.3402	0.089156	11.216	2.3033	3.8264	99.361	12.473	20.786	796.76	-0.11417	14.271	0.11105	vapor
183.50	1.3402	0.088914	11.247	2.3095	3.8368	99.418	12.473	20.786	797.85	-0.11418	14.297	0.11126	vapor
184.00	1.3402	0.088672	11.277	2.3157	3.8472	99.474	12.473	20.786	798.93	-0.11420	14.323	0.11146	vapor
184.50	1.3402	0.088432	11.308	2.3220	3.8576	99.531	12.473	20.786	800.01	-0.11422	14.349	0.11167	vapor
185.00	1.3402	0.088194	11.339	2.3282	3.8680	99.587	12.473	20.786	801.09	-0.11424	14.375	0.11188	vapor
185.50	1.3402	0.087956	11.369	2.3345	3.8784	99.643	12.473	20.786	802.17	-0.11426	14.401	0.11208	vapor
186.00	1.3402	0.087720	11.400	2.3407	3.8888	99.699	12.473	20.786	803.25	-0.11427	14.427	0.11229	vapor
186.50	1.3402	0.087485	11.431	2.3469	3.8992	99.755	12.473	20.786	804.33	-0.11429	14.453	0.11250	vapor
187.00	1.3402	0.087251	11.461	2.3532	3.9096	99.810	12.473	20.786	805.40	-0.11431	14.479	0.11270	vapor
187.50	1.3402	0.087019	11.492	2.3594	3.9200	99.866	12.473	20.786	806.48	-0.11432	14.504	0.11291	vapor
188.00	1.3402	0.086788	11.522	2.3656	3.9304	99.921	12.473	20.786	807.55	-0.11434	14.530	0.11311	vapor
188.50	1.3402	0.086558	11.553	2.3719	3.9407	99.976	12.473	20.786	808.62	-0.11435	14.556	0.11332	vapor
189.00	1.3402	0.086329	11.584	2.3781	3.9511	100.03	12.473	20.786	809.69	-0.11437	14.582	0.11353	vapor
189.50	1.3402	0.086102	11.614	2.3843	3.9615	100.09	12.473	20.786	810.76	-0.11438	14.608	0.11373	vapor
190.00	1.3402	0.085875	11.645	2.3906	3.9719	100.14	12.473	20.786	811.82	-0.11440	14.633	0.11394	vapor
190.50	1.3402	0.085650	11.675	2.3968	3.9823	100.20	12.473	20.786	812.89	-0.11441	14.659	0.11414	vapor
191.00	1.3402	0.085426	11.706	2.4030	3.9927	100.25	12.473	20.786	813.95	-0.11442	14.685	0.11435	vapor
191.50	1.3402	0.085203	11.737	2.4093	4.0031	100.30	12.473	20.786	815.02	-0.11444	14.711	0.11455	vapor
192.00	1.3402	0.084982	11.767	2.4155	4.0135	100.36	12.473	20.786	816.08	-0.11445	14.736	0.11476	vapor
192.50	1.3402	0.084761	11.798	2.4218	4.0239	100.41	12.473	20.786	817.14	-0.11446	14.762	0.11496	vapor
193.00	1.3402	0.084542	11.828	2.4280	4.0343	100.47	12.473	20.786	818.19	-0.11447	14.788	0.11517	vapor
193.50	1.3402	0.084324	11.859	2.4342	4.0447	100.52	12.473	20.786	819.25	-0.11449	14.813	0.11537	vapor
194.00	1.3402	0.084107	11.890	2.4405	4.0551	100.57	12.473	20.786	820.31	-0.11450	14.839	0.11557	vapor
194.50	1.3402	0.083891	11.920	2.4467	4.0655	100.63	12.473	20.786	821.36	-0.11451	14.865	0.11578	vapor
195.00	1.3402	0.083676	11.951	2.4529	4.0759	100.68	12.473	20.786	822.41	-0.11452	14.890	0.11598	vapor
195.50	1.3402	0.083462	11.981	2.4592	4.0862	100.73	12.473	20.786	823.47	-0.11453	14.916	0.11619	vapor
196.00	1.3402	0.083249	12.012	2.4654	4.0966	100.79	12.473	20.786	824.52	-0.11454	14.941	0.11639	vapor
196.50	1.3402	0.083038	12.043	2.4716	4.1070	100.84	12.473	20.786	825.56	-0.11455	14.967	0.11659	vapor
197.00	1.3402	0.082827	12.073	2.4779	4.1174	100.89	12.473	20.786	826.61	-0.11456	14.992	0.11679	vapor
197.50	1.3402	0.082618	12.104	2.4841	4.1278	100.95	12.473	20.786	827.66	-0.11457	15.018	0.11700	vapor
198.00	1.3402	0.082409	12.135	2.4904	4.1382	101.00	12.473	20.786	828.70	-0.11458	15.043	0.11720	vapor
198.50	1.3402	0.082202	12.165	2.4966	4.1486	101.05	12.473	20.786	829.75	-0.11459	15.069	0.11740	vapor
199.00	1.3402	0.081996	12.196	2.5028	4.1590	101.10	12.473	20.786	830.79	-0.11460	15.094	0.11761	vapor
199.50	1.3402	0.081790	12.226	2.5091	4.1694	101.16	12.473	20.786	831.83	-0.11461	15.120	0.11781	vapor
200.00	1.3402	0.081586	12.257	2.5153	4.1798	101.21	12.473	20.786	832.87	-0.11462	15.145	0.11801	vapor
200.50	1.3402	0.081383	12.288	2.5215	4.1902	101.26	12.473	20.786	833.91	-0.11463	15.170	0.11821	vapor
201.00	1.3402	0.081181	12.318	2.5278	4.2006	101.31	12.473	20.786	834.94	-0.11463	15.196	0.11841	vapor
201.50	1.3402	0.080979	12.349	2.5340	4.2110	101.36	12.473	20.786	835.98	-0.11464	15.221	0.11862	vapor
202.00	1.3402	0.080779	12.379	2.5402	4.2214	101.41	12.473	20.786	837.01	-0.11465	15.246	0.11882	vapor
202.50	1.3402	0.080580	12.410	2.5465	4.2318	101.47	12.473	20.786	838.05	-0.11466	15.272	0.11902	vapor
203.00	1.3402	0.080382	12.441	2.5527	4.2421	101.52	12.473	20.786	839.08	-0.11466	15.297	0.11922	vapor
203.50	1.3402	0.080184	12.471	2.5590	4.2525	101.57	12.473	20.786	840.11	-0.11467	15.322	0.11942	vapor
204.00	1.3402	0.079988	12.502	2.5652	4.2629	101.62	12.473	20.786	841.14	-0.11468	15.348	0.11962	vapor
204.50	1.3402	0.079793	12.532	2.5714	4.2733	101.67	12.473	20.786	842.17	-0.11468	15.373	0.11982	vapor
205.00	1.3402	0.079598	12.563	2.5777	4.2837	101.72	12.473	20.786	843.19	-0.11469	15.398	0.12003	vapor
205.50	1.3402	0.079405	12.594	2.5839	4.2941	101.77	12.473	20.786	844.22	-0.11470	15.423	0.12023	vapor
206.00	1.3402	0.079212	12.624	2.5901	4.3045	101.82	12.473	20.786	845.24	-0.11470	15.448	0.12043	vapor
206.50	1.3402	0.079021	12.655	2.5964	4.3149	101.87	12.473	20.786	846.27	-0.11471	15.474	0.12063	vapor
207.00	1.3402	0.078830	12.686	2.6026	4.3253	101.92	12.473	20.786	847.29	-0.11471	15.499	0.12083	vapor
207.50	1.3402	0.078640	12.716	2.6088	4.3357	101.97	12.473	20.786	848.31	-0.11472	15.524	0.12103	vapor
208.00	1.3402	0.078451	12.747	2.6151	4.3461	102.02	12.473	20.786	849.33	-0.11472	15.549	0.12123	vapor
208.50	1.3402	0.078263	12.777	2.6213	4.3565	102.07	12.473	20.786	850.35	-0.11473	15.574	0.12143	vapor
209.00	1.3402	0.078076	12.808	2.6276	4.3669	102.12	12.473	20.786	851.36	-0.11473	15.599	0.12163	vapor
209.50	1.3402	0.077890	12.839	2.6338	4.3773	102.17	12.473	20.786	852.38	-0.11474	15.624	0.12183	vapor
210.00	1.3402	0.077705	12.869	2.6400	4.3876	102.22	12.473	20.786	853.39	-0.11474	15.649	0.12203	vapor
210.50	1.3402	0.077521	12.900	2.6463	4.3980	102.27	12.473	20.786	854.41	-0.11474	15.674	0.12222	vapor
211.00	1.3402	0.077337	12.930	2.6525	4.4084	102.32	12.473	20.786	855.42	-0.11475	15.699	0.12242	vapor
211.50	1.3402	0.077154	12.961	2.6587	4.4188	102.37	12.473	20.786	856.43	-0.11475	15.724	0.12262	vapor
212.00	1.3402	0.076973	12.992	2.6650	4.4292	102.42	12.473	20.786	857.44	-0.11475	15.749	0.12282	vapor
212.50	1.3402	0.076792	13.022	2.6712	4.4396	102.47	12.473	20.786	858.45	-0.11476	15.774	0.12302	vapor
213.00	1.3402	0.076612	13.053	2.6774	4.4500	102.52	12.473	20.786	859.46	-0.11476	15.799	0.12322	vapor
213.50	1.3402	0.076432	13.083	2.6837	4.4604	102.57	12.473	20.786	860.46	-0.11476	15.824	0.12342	vapor
214.00	1.3402	0.076254	13.114	2.6899	4.4708	102.61	12.473	20.786	861.47	-0.11476	15.849	0.12362	vapor
214.50	1.3402	0.076076	13.145	2.6962	4.4812	102.66	12.473	20.786	862.47	-0.11477	15.874	0.12381	vapor
215.00	1.3402	0.075900	13.175	2.7024	4.4916	102.71	12.473	20.786	863.47	-0.11477	15.899	0.12401	vapor
215.50	1.3402	0.075724	13.206	2.7086	4.5020	102.76	12.473	20.786	864.48	-0.11477	15.924	0.12421	vapor
216.00	1.3402	0.075549	13.236	2.7149	4.5124	102.81	12.473	20.786	865.48	-0.11477	15.949	0.12441	vapor
216.50	1.3402	0.075374	13.267	2.7211	4.5228	102.86	12.473	20.786	866.48	-0.11477	15.974	0.12461	vapor
217.00	1.3402	0.075201	13.298	2.7273	4.5331	102.90	12.473	20.786	867.47	-0.11477	15.998	0.12480	vapor
217.50	1.3402	0.075028	13.328	2.7336	4.5435	102.95	12.473	20.786	868.47	-0.11478	16.023	0.12500	vapor
218.00	1.3402	0.074856	13.359	2.7398	4.5539	103.00	12.473	20.786	869.47	-0.11478	16.048	0.12520	vapor
218.50	1.3402	0.074685	13.390	2.7460	4.5643	103.05	12.473	20.786	870.46	-0.11478	16.073	0.12539	vapor
219.00	1.3402	0.074515	13.420	2.7523	4.5747	103.09	12.473	20.786	871.45	-0.11478	16.098	0.12559	vapor
219.50	1.3402	0.074345	13.451	2.7585	4.5851	103.14	12.473	20.786	872.45	-0.11478	16.122	0.12579	vapor
220.00	1.3402	0.074176	13.481	2.7647	4.5955	103.19	12.473	20.786	873.44	-0.11478	16.147	0.12599	vapor
220.50	1.3402	0.074008	13.512	2.7710	4.6059	103.24	12.473	20.786	874.43	-0.11478	16.172	0.12618	vapor
221.00	1.3402	0.073841	13.543	2.7772	4.6163	103.28	12.473	20.786	875.42	-0.11478	16.197	0.12638	vapor
221.50	1.3402	0.073675	13.573	2.7835	4.6267	103.33	12.473	20.786	876.40	-0.11478	16.221	0.12657	vapor
222.00	1.3402	0.073509	13.604	2.7897	4.6371	103.38	12.473	20.786	877.39	-0.11478	16.246	0.12677	vapor
222.50	1.3402	0.073344	13.634	2.7959	4.6475	103.42	12.473	20.786	878.38	-0.11478	16.271	0.12697	vapor
223.00	1.3402	0.073179	13.665	2.8022	4.6579	103.47	12.473	20.786	879.36	-0.11478	16.295	0.12716	vapor
223.50	1.3402	0.073016	13.696	2.8084	4.6683	103.52	12.473	20.786	880.35	-0.11478	16.320	0.12736	vapor
224.00	1.3402	0.072853	13.726	2.8146	4.6786	103.56	12.473	20.786	881.33	-0.11477	16.344	0.12755	vapor
224.50	1.3402	0.072691	13.757	2.8209	4.6890	103.61	12.473	20.786	882.31	-0.11477	16.369	0.12775	vapor
225.00	1.3402	0.072530	13.787	2.8271	4.6994	103.66	12.473	20.786	883.29	-0.11477	16.394	0.12795	vapor
225.50	1.3402	0.072369	13.818	2.8333	4.7098	103.70	12.473	20.786	884.27	-0.11477	16.418	0.12814	vapor
226.00	1.3402	0.072209	13.849	2.8396	4.7202	103.75	12.473	20.786	885.25	-0.11477	16.443	0.12834	vapor
226.50	1.3402	0.072050	13.879	2.8458	4.7306	103.79	12.473	20.786	886.22	-0.11477	16.467	0.12853	vapor
227.00	1.3402	0.071891	13.910	2.8521	4.7410	103.84	12.473	20.786	887.20	-0.11476	16.492	0.12873	vapor
227.50	1.3402	0.071733	13.941	2.8583	4.7514	103.89	12.473	20.786	888.17	-0.11476	16.516	0.12892	vapor
228.00	1.3402	0.071576	13.971	2.8645	4.7618	103.93	12.473	20.786	889.15	-0.11476	16.541	0.12912	vapor
228.50	1.3402	0.071420	14.002	2.8708	4.7722	103.98	12.473	20.786	890.12	-0.11476	16.565	0.12931	vapor
229.00	1.3402	0.071264	14.032	2.8770	4.7826	104.02	12.473	20.786	891.09	-0.11476	16.590	0.12950	vapor
229.50	1.3402	0.071109	14.063	2.8832	4.7930	104.07	12.473	20.786	892.06	-0.11475	16.614	0.12970	vapor
230.00	1.3402	0.070954	14.094	2.8895	4.8034	104.11	12.473	20.786	893.03	-0.11475	16.639	0.12989	vapor
230.50	1.3402	0.070801	14.124	2.8957	4.8138	104.16	12.473	20.786	894.00	-0.11475	16.663	0.13009	vapor
231.00	1.3402	0.070647	14.155	2.9019	4.8241	104.20	12.473	20.786	894.97	-0.11474	16.687	0.13028	vapor
231.50	1.3402	0.070495	14.185	2.9082	4.8345	104.25	12.473	20.786	895.93	-0.11474	16.712	0.13047	vapor
232.00	1.3402	0.070343	14.216	2.9144	4.8449	104.29	12.473	20.786	896.90	-0.11474	16.736	0.13067	vapor
232.50	1.3402	0.070192	14.247	2.9207	4.8553	104.34	12.473	20.786	897.86	-0.11473	16.761	0.13086	vapor
233.00	1.3402	0.070042	14.277	2.9269	4.8657	104.38	12.473	20.786	898.83	-0.11473	16.785	0.13106	vapor
233.50	1.3402	0.069892	14.308	2.9331	4.8761	104.43	12.473	20.786	899.79	-0.11473	16.809	0.13125	vapor
234.00	1.3402	0.069743	14.338	2.9394	4.8865	104.47	12.473	20.786	900.75	-0.11472	16.834	0.13144	vapor
234.50	1.3402	0.069594	14.369	2.9456	4.8969	104.52	12.473	20.786	901.71	-0.11472	16.858	0.13164	vapor
235.00	1.3402	0.069446	14.400	2.9518	4.9073	104.56	12.473	20.786	902.67	-0.11471	16.882	0.13183	vapor
235.50	1.3402	0.069299	14.430	2.9581	4.9177	104.60	12.473	20.786	903.63	-0.11471	16.906	0.13202	vapor
236.00	1.3402	0.069152	14.461	2.9643	4.9281	104.65	12.473	20.786	904.58	-0.11470	16.931	0.13221	vapor
236.50	1.3402	0.069006	14.491	2.9705	4.9385	104.69	12.473	20.786	905.54	-0.11470	16.955	0.13241	vapor
237.00	1.3402	0.068861	14.522	2.9768	4.9489	104.74	12.473	20.786	906.50	-0.11470	16.979	0.13260	vapor
237.50	1.3402	0.068716	14.553	2.9830	4.9593	104.78	12.473	20.786	907.45	-0.11469	17.003	0.13279	vapor
238.00	1.3402	0.068571	14.583	2.9892	4.9696	104.82	12.473	20.786	908.40	-0.11469	17.028	0.13298	vapor
238.50	1.3402	0.068428	14.614	2.9955	4.9800	104.87	12.473	20.786	909.36	-0.11468	17.052	0.13318	vapor
239.00	1.3402	0.068285	14.645	3.0017	4.9904	104.91	12.473	20.786	910.31	-0.11468	17.076	0.13337	vapor
239.50	1.3402	0.068142	14.675	3.0080	5.0008	104.95	12.473	20.786	911.26	-0.11467	17.100	0.13356	vapor
240.00	1.3402	0.068001	14.706	3.0142	5.0112	105.00	12.473	20.786	912.21	-0.11467	17.124	0.13375	vapor
240.50	1.3402	0.067859	14.736	3.0204	5.0216	105.04	12.473	20.786	913.15	-0.11466	17.148	0.13394	vapor
241.00	1.3402	0.067719	14.767	3.0267	5.0320	105.08	12.473	20.786	914.10	-0.11465	17.173	0.13413	vapor
241.50	1.3402	0.067579	14.798	3.0329	5.0424	105.13	12.473	20.786	915.05	-0.11465	17.197	0.13433	vapor
242.00	1.3402	0.067439	14.828	3.0391	5.0528	105.17	12.473	20.786	915.99	-0.11464	17.221	0.13452	vapor
242.50	1.3402	0.067300	14.859	3.0454	5.0632	105.21	12.473	20.786	916.94	-0.11464	17.245	0.13471	vapor
243.00	1.3402	0.067162	14.889	3.0516	5.0736	105.26	12.473	20.786	917.88	-0.11463	17.269	0.13490	vapor
243.50	1.3402	0.067024	14.920	3.0578	5.0840	105.30	12.473	20.786	918.82	-0.11462	17.293	0.13509	vapor
244.00	1.3402	0.066887	14.951	3.0641	5.0944	105.34	12.473	20.786	919.76	-0.11462	17.317	0.13528	vapor
244.50	1.3402	0.066750	14.981	3.0703	5.1048	105.38	12.473	20.786	920.70	-0.11461	17.341	0.13547	vapor
245.00	1.3402	0.066614	15.012	3.0766	5.1151	105.43	12.473	20.786	921.64	-0.11461	17.365	0.13566	vapor
245.50	1.3402	0.066478	15.042	3.0828	5.1255	105.47	12.473	20.786	922.58	-0.11460	17.389	0.13585	vapor
246.00	1.3402	0.066343	15.073	3.0890	5.1359	105.51	12.473	20.786	923.52	-0.11459	17.413	0.13604	vapor
246.50	1.3402	0.066209	15.104	3.0953	5.1463	105.55	12.473	20.786	924.45	-0.11459	17.437	0.13623	vapor
247.00	1.3402	0.066075	15.134	3.1015	5.1567	105.59	12.473	20.786	925.39	-0.11458	17.461	0.13642	vapor
247.50	1.3402	0.065942	15.165	3.1077	5.1671	105.64	12.473	20.786	926.33	-0.11457	17.485	0.13661	vapor
248.00	1.3402	0.065809	15.196	3.1140	5.1775	105.68	12.473	20.786	927.26	-0.11456	17.509	0.13680	vapor
248.50	1.3402	0.065677	15.226	3.1202	5.1879	105.72	12.473	20.786	928.19	-0.11456	17.533	0.13699	vapor
249.00	1.3402	0.065545	15.257	3.1264	5.1983	105.76	12.473	20.786	929.12	-0.11455	17.557	0.13718	vapor
249.50	1.3402	0.065414	15.287	3.1327	5.2087	105.80	12.473	20.786	930.05	-0.11454	17.580	0.13737	vapor
250.00	1.3402	0.065283	15.318	3.1389	5.2191	105.85	12.473	20.786	930.98	-0.11454	17.604	0.13756	vapor
250.50	1.3402	0.065153	15.349	3.1451	5.2295	105.89	12.473	20.786	931.91	-0.11453	17.628	0.13775	vapor
251.00	1.3402	0.065023	15.379	3.1514	5.2399	105.93	12.473	20.786	932.84	-0.11452	17.652	0.13794	vapor
251.50	1.3402	0.064894	15.410	3.1576	5.2503	105.97	12.473	20.786	933.77	-0.11451	17.676	0.13813	vapor
252.00	1.3402	0.064765	15.440	3.1639	5.2606	106.01	12.473	20.786	934.69	-0.11451	17.700	0.13832	vapor
252.50	1.3402	0.064637	15.471	3.1701	5.2710	106.05	12.473	20.786	935.62	-0.11450	17.724	0.13851	vapor
253.00	1.3402	0.064509	15.502	3.1763	5.2814	106.09	12.473	20.786	936.54	-0.11449	17.747	0.13870	vapor
253.50	1.3402	0.064382	15.532	3.1826	5.2918	106.13	12.473	20.786	937.47	-0.11448	17.771	0.13889	vapor
254.00	1.3402	0.064256	15.563	3.1888	5.3022	106.18	12.473	20.786	938.39	-0.11447	17.795	0.13908	vapor
254.50	1.3402	0.064129	15.593	3.1950	5.3126	106.22	12.473	20.786	939.31	-0.11447	17.819	0.13926	vapor
255.00	1.3402	0.064004	15.624	3.2013	5.3230	106.26	12.473	20.786	940.23	-0.11446	17.842	0.13945	vapor
255.50	1.3402	0.063879	15.655	3.2075	5.3334	106.30	12.473	20.786	941.15	-0.11445	17.866	0.13964	vapor
256.00	1.3402	0.063754	15.685	3.2137	5.3438	106.34	12.473	20.786	942.07	-0.11444	17.890	0.13983	vapor
256.50	1.3402	0.063630	15.716	3.2200	5.3542	106.38	12.473	20.786	942.99	-0.11443	17.914	0.14002	vapor
257.00	1.3402	0.063506	15.746	3.2262	5.3646	106.42	12.473	20.786	943.91	-0.11442	17.937	0.14021	vapor
257.50	1.3402	0.063383	15.777	3.2325	5.3750	106.46	12.473	20.786	944.82	-0.11441	17.961	0.14039	vapor
258.00	1.3402	0.063260	15.808	3.2387	5.3854	106.50	12.473	20.785	945.74	-0.11441	17.985	0.14058	vapor
258.50	1.3402	0.063138	15.838	3.2449	5.3958	106.54	12.473	20.785	946.65	-0.11440	18.008	0.14077	vapor
259.00	1.3402	0.063016	15.869	3.2512	5.4061	106.58	12.473	20.785	947.57	-0.11439	18.032	0.14096	vapor
259.50	1.3402	0.062895	15.900	3.2574	5.4165	106.62	12.473	20.785	948.48	-0.11438	18.056	0.14114	vapor
260.00	1.3402	0.062774	15.930	3.2636	5.4269	106.66	12.473	20.785	949.39	-0.11437	18.079	0.14133	vapor
260.50	1.3402	0.062654	15.961	3.2699	5.4373	106.70	12.473	20.785	950.30	-0.11436	18.103	0.14152	vapor
261.00	1.3402	0.062534	15.991	3.2761	5.4477	106.74	12.473	20.785	951.21	-0.11435	18.126	0.14171	vapor
261.50	1.3402	0.062414	16.022	3.2823	5.4581	106.78	12.473	20.785	952.12	-0.11434	18.150	0.14189	vapor
262.00	1.3402	0.062295	16.053	3.2886	5.4685	106.82	12.473	20.785	953.03	-0.11433	18.174	0.14208	vapor
262.50	1.3402	0.062177	16.083	3.2948	5.4789	106.86	12.473	20.785	953.94	-0.11432	18.197	0.14227	vapor
263.00	1.3402	0.062059	16.114	3.3010	5.4893	106.90	12.473	20.785	954.84	-0.11431	18.221	0.14245	vapor
263.50	1.3402	0.061941	16.144	3.3073	5.4997	106.94	12.473	20.785	955.75	-0.11430	18.244	0.14264	vapor
264.00	1.3402	0.061824	16.175	3.3135	5.5101	106.98	12.473	20.785	956.66	-0.11429	18.268	0.14283	vapor
264.50	1.3402	0.061707	16.206	3.3198	5.5205	107.02	12.473	20.785	957.56	-0.11428	18.291	0.14301	vapor
265.00	1.3402	0.061591	16.236	3.3260	5.5309	107.06	12.473	20.785	958.46	-0.11427	18.315	0.14320	vapor
265.50	1.3402	0.061475	16.267	3.3322	5.5412	107.10	12.473	20.785	959.37	-0.11426	18.338	0.14339	vapor
266.00	1.3402	0.061359	16.297	3.3385	5.5516	107.13	12.473	20.785	960.27	-0.11425	18.362	0.14357	vapor
266.50	1.3402	0.061244	16.328	3.3447	5.5620	107.17	12.473	20.785	961.17	-0.11424	18.385	0.14376	vapor
267.00	1.3402	0.061130	16.359	3.3509	5.5724	107.21	12.473	20.785	962.07	-0.11423	18.409	0.14394	vapor
267.50	1.3402	0.061015	16.389	3.3572	5.5828	107.25	12.473	20.785	962.97	-0.11422	18.432	0.14413	vapor
268.00	1.3402	0.060902	16.420	3.3634	5.5932	107.29	12.473	20.785	963.86	-0.11421	18.455	0.14432	vapor
268.50	1.3402	0.060788	16.451	3.3696	5.6036	107.33	12.473	20.785	964.76	-0.11420	18.479	0.14450	vapor
269.00	1.3402	0.060675	16.481	3.3759	5.6140	107.37	12.473	20.785	965.66	-0.11419	18.502	0.14469	vapor
269.50	1.3402	0.060563	16.512	3.3821	5.6244	107.41	12.473	20.785	966.55	-0.11418	18.526	0.14487	vapor
270.00	1.3402	0.060451	16.542	3.3884	5.6348	107.45	12.473	20.785	967.45	-0.11417	18.549	0.14506	vapor
270.50	1.3402	0.060339	16.573	3.3946	5.6452	107.48	12.473	20.785	968.34	-0.11416	18.572	0.14524	vapor
271.00	1.3402	0.060228	16.604	3.4008	5.6556	107.52	12.473	20.785	969.24	-0.11415	18.596	0.14543	vapor
271.50	1.3402	0.060117	16.634	3.4071	5.6660	107.56	12.473	20.785	970.13	-0.11414	18.619	0.14561	vapor
272.00	1.3402	0.060007	16.665	3.4133	5.6764	107.60	12.473	20.785	971.02	-0.11413	18.642	0.14580	vapor
272.50	1.3402	0.059897	16.695	3.4195	5.6867	107.64	12.473	20.785	971.91	-0.11412	18.666	0.14598	vapor
273.00	1.3402	0.059787	16.726	3.4258	5.6971	107.67	12.473	20.785	972.80	-0.11411	18.689	0.14617	vapor
273.50	1.3402	0.059678	16.757	3.4320	5.7075	107.71	12.473	20.785	973.69	-0.11410	18.712	0.14635	vapor
274.00	1.3402	0.059569	16.787	3.4382	5.7179	107.75	12.473	20.785	974.58	-0.11409	18.736	0.14654	vapor
274.50	1.3402	0.059461	16.818	3.4445	5.7283	107.79	12.473	20.785	975.47	-0.11407	18.759	0.14672	vapor
275.00	1.3402	0.059353	16.848	3.4507	5.7387	107.83	12.473	20.785	976.35	-0.11406	18.782	0.14690	vapor
275.50	1.3402	0.059245	16.879	3.4569	5.7491	107.86	12.473	20.785	977.24	-0.11405	18.805	0.14709	vapor
276.00	1.3402	0.059138	16.910	3.4632	5.7595	107.90	12.473	20.785	978.12	-0.11404	18.829	0.14727	vapor
276.50	1.3402	0.059031	16.940	3.4694	5.7699	107.94	12.473	20.785	979.01	-0.11403	18.852	0.14746	vapor
277.00	1.3402	0.058924	16.971	3.4757	5.7803	107.98	12.473	20.785	979.89	-0.11402	18.875	0.14764	vapor
277.50	1.3402	0.058818	17.002	3.4819	5.7907	108.01	12.473	20.785	980.77	-0.11401	18.898	0.14782	vapor
278.00	1.3402	0.058713	17.032	3.4881	5.8011	108.05	12.473	20.785	981.66	-0.11400	18.922	0.14801	vapor
278.50	1.3402	0.058607	17.063	3.4944	5.8115	108.09	12.473	20.785	982.54	-0.11398	18.945	0.14819	vapor
279.00	1.3402	0.058502	17.093	3.5006	5.8219	108.13	12.473	20.785	983.42	-0.11397	18.968	0.14838	vapor
279.50	1.3402	0.058398	17.124	3.5068	5.8322	108.16	12.473	20.785	984.30	-0.11396	18.991	0.14856	vapor
280.00	1.3402	0.058294	17.155	3.5131	5.8426	108.20	12.473	20.785	985.18	-0.11395	19.014	0.14874	vapor
280.50	1.3402	0.058190	17.185	3.5193	5.8530	108.24	12.473	20.785	986.05	-0.11394	19.037	0.14893	vapor
281.00	1.3402	0.058086	17.216	3.5255	5.8634	108.28	12.473	20.785	986.93	-0.11393	19.060	0.14911	vapor
281.50	1.3402	0.057983	17.246	3.5318	5.8738	108.31	12.473	20.785	987.81	-0.11391	19.084	0.14929	vapor
282.00	1.3402	0.057880	17.277	3.5380	5.8842	108.35	12.473	20.785	988.68	-0.11390	19.107	0.14948	vapor
282.50	1.3402	0.057778	17.308	3.5442	5.8946	108.39	12.473	20.785	989.56	-0.11389	19.130	0.14966	vapor
283.00	1.3402	0.057676	17.338	3.5505	5.9050	108.42	12.473	20.785	990.43	-0.11388	19.153	0.14984	vapor
283.50	1.3402	0.057574	17.369	3.5567	5.9154	108.46	12.473	20.785	991.31	-0.11387	19.176	0.15002	vapor
284.00	1.3402	0.057473	17.399	3.5630	5.9258	108.50	12.473	20.785	992.18	-0.11385	19.199	0.15021	vapor
284.50	1.3402	0.057372	17.430	3.5692	5.9362	108.53	12.473	20.785	993.05	-0.11384	19.222	0.15039	vapor
285.00	1.3402	0.057272	17.461	3.5754	5.9466	108.57	12.473	20.785	993.92	-0.11383	19.245	0.15057	vapor
285.50	1.3402	0.057171	17.491	3.5817	5.9570	108.61	12.473	20.785	994.79	-0.11382	19.268	0.15075	vapor
286.00	1.3402	0.057072	17.522	3.5879	5.9674	108.64	12.473	20.785	995.66	-0.11381	19.291	0.15094	vapor
286.50	1.3402	0.056972	17.552	3.5941	5.9777	108.68	12.473	20.785	996.53	-0.11379	19.314	0.15112	vapor
287.00	1.3402	0.056873	17.583	3.6004	5.9881	108.71	12.473	20.785	997.40	-0.11378	19.337	0.15130	vapor
287.50	1.3402	0.056774	17.614	3.6066	5.9985	108.75	12.473	20.785	998.26	-0.11377	19.360	0.15148	vapor
288.00	1.3402	0.056675	17.644	3.6128	6.0089	108.79	12.473	20.785	999.13	-0.11376	19.383	0.15166	vapor
288.50	1.3402	0.056577	17.675	3.6191	6.0193	108.82	12.473	20.785	1000.0	-0.11374	19.406	0.15185	vapor
289.00	1.3402	0.056480	17.706	3.6253	6.0297	108.86	12.472	20.785	1000.9	-0.11373	19.429	0.15203	vapor
289.50	1.3402	0.056382	17.736	3.6316	6.0401	108.89	12.472	20.785	1001.7	-0.11372	19.452	0.15221	vapor
290.00	1.3402	0.056285	17.767	3.6378	6.0505	108.93	12.472	20.785	1002.6	-0.11371	19.475	0.15239	vapor
290.50	1.3402	0.056188	17.797	3.6440	6.0609	108.97	12.472	20.785	1003.5	-0.11369	19.498	0.15257	vapor
291.00	1.3402	0.056092	17.828	3.6503	6.0713	109.00	12.472	20.785	1004.3	-0.11368	19.521	0.15275	vapor
291.50	1.3402	0.055995	17.859	3.6565	6.0817	109.04	12.472	20.785	1005.2	-0.11367	19.543	0.15293	vapor
292.00	1.3402	0.055900	17.889	3.6627	6.0921	109.07	12.472	20.785	1006.0	-0.11366	19.566	0.15312	vapor
292.50	1.3402	0.055804	17.920	3.6690	6.1025	109.11	12.472	20.785	1006.9	-0.11364	19.589	0.15330	vapor
293.00	1.3402	0.055709	17.950	3.6752	6.1128	109.14	12.472	20.785	1007.8	-0.11363	19.612	0.15348	vapor
293.50	1.3402	0.055614	17.981	3.6814	6.1232	109.18	12.472	20.785	1008.6	-0.11362	19.635	0.15366	vapor
294.00	1.3402	0.055520	18.012	3.6877	6.1336	109.22	12.472	20.785	1009.5	-0.11360	19.658	0.15384	vapor
294.50	1.3402	0.055425	18.042	3.6939	6.1440	109.25	12.472	20.785	1010.3	-0.11359	19.681	0.15402	vapor
295.00	1.3402	0.055332	18.073	3.7001	6.1544	109.29	12.472	20.785	1011.2	-0.11358	19.703	0.15420	vapor
295.50	1.3402	0.055238	18.103	3.7064	6.1648	109.32	12.472	20.785	1012.0	-0.11357	19.726	0.15438	vapor
296.00	1.3402	0.055145	18.134	3.7126	6.1752	109.36	12.472	20.785	1012.9	-0.11355	19.749	0.15456	vapor
296.50	1.3402	0.055052	18.165	3.7189	6.1856	109.39	12.472	20.785	1013.7	-0.11354	19.772	0.15474	vapor
297.00	1.3402	0.054959	18.195	3.7251	6.1960	109.43	12.472	20.785	1014.6	-0.11353	19.794	0.15492	vapor
297.50	1.3402	0.054867	18.226	3.7313	6.2064	109.46	12.472	20.785	1015.5	-0.11351	19.817	0.15510	vapor
298.00	1.3402	0.054775	18.257	3.7376	6.2168	109.50	12.472	20.785	1016.3	-0.11350	19.840	0.15528	vapor
298.50	1.3402	0.054683	18.287	3.7438	6.2272	109.53	12.472	20.785	1017.2	-0.11349	19.863	0.15546	vapor
299.00	1.3402	0.054592	18.318	3.7500	6.2376	109.57	12.472	20.785	1018.0	-0.11347	19.885	0.15564	vapor
299.50	1.3402	0.054501	18.348	3.7563	6.2480	109.60	12.472	20.785	1018.9	-0.11346	19.908	0.15582	vapor
300.00	1.3402	0.054410	18.379	3.7625	6.2583	109.64	12.472	20.785	1019.7	-0.11345	19.931	0.15600	vapor
